21
9
18
10
12
17
9
17
13
10
11
19
14
23
14
15
9
19
17
16
11
19
17
18
15
10
10
19
18
18
15
20
17
13
15
9
13
9
13
14
14
18
14
10
16
13
15
15
10
18
15
13
12
13
8
9
17
17
10
17
16
18
11
14
18
15
13
18
18
13
6
16
15
14
8
8
10
12
16
7
11
14
16
11
8
12
10
15
11
13
16
11
9
15
14
10
20
12
10
11
19
17
11
13
14
12
15
6
18
15
11
12
17
18
17
14
18
18
12
16
16
12
13
10
16
15
8
13
17
16
16
15
9
17
16
15
11
13
11
17
18
11
15
10
5
12
16
7
9
19
18
11
12
16
7
14
17
13
13
14
12
18
16
12
9
12
15
14
12
16
13
13
18
18
19
18
14
18
22
21
13
9
8
10
12
17
19
17
8
16
14
20
15
11
14
10
14
11
13
17
10
13
14
14
18
10
13
14
15
12
11
12
13
16
12
21
18
18
9
16
11
13
10
17
16
24
13
13
13
11
17
18
19
13
8
10
10
10
18
16
9
17
14
17
11
15
14
18
16
17
10
12
13
11
12
11
11
15
11
12
11
7
12
10
20
19
12
11
14
12
12
15
8
11
16
13
17
13
10
15
16
22
14
13
10
14
16
10
14
12
16
14
17
13
22
7
11
12
14
16
15
10
11
14
14
9
13
14
12
12
13
17
11
25
12
13
15
12
17
13
13
10
13
9
17
14
17
14
14
12
14
12
12
15
9
16
15
10
14
15
19
19
18
13
15
14
14
11
15
17
13
15
19
17
11
12
9
12
9
14
21
15
20
17
10
16
16
9
11
13
13
14
19
11
12
12
11
15
18
16
13
18
15
8
15
14
7
23
9
11
13
6
15
10
10
13
11
11
16
13
12
13
12
19
11
14
13
16
10
20
15
18
17
7
17
11
13
16
13
13
14
12
15
13
11
13
6
18
10
19
13
13
18
17
12
13
15
15
16
15
16
12
12
15
12
22
17
10
15
12
12
18
16
14
11
15
13
13
13
13
18
18
13
13
15
18
15
11
9
18
13
16
13
14
13
13
12
11
12
17
7
12
10
15
14
13
13
18
15
17
15
14
15
18
11
13
13
13
20
13
14
15
16
15
8
11
9
15
16
15
15
14
13
15
7
16
10
17
17
11
14
14
10
8
18
15
11
15
13
16
13
13
11
10
11
14
12
14
15
14
13
8
15
14
11
17
8
11
11
14
17
11
10
16
10
12
13
14
14
11
13
13
18
11
13
11
15
18
11
14
14
16
18
11
17
15
11
14
13
26
18
15
18
12
9
11
11
17
12
10
18
13
10
12
13
13
15
12
14
8
8
16
16
11
12
13
14
12
14
13
14
15
13
15
16
13
8
15
15
13
8
15
17
13
15
22
11
13
11
10
22
12
14
17
10
11
16
21
12
17
13
13
13
20
14
11
17
12
15
16
12
15
13
18
19
19
17
17
20
16
14
11
13
12
12
12
13
12
19
11
8
17
8
8
15
10
13
12
16
8
16
20
11
12
12
14
13
11
11
9
19
14
11
14
13
12
15
7
12
11
18
15
13
16
13
12
19
10
12
19
10
16
14
14
11
13
11
10
22
21
16
15
13
11
8
14
18
17
21
10
12
12
13
16
14
11
9
8
10
10
20
13
15
11
17
12
14
9
15
14
10
12
18
8
12
19
18
14
15
13
14
13
16
17
18
12
15
17
18
12
14
9
17
20
11
7
16
18
17
7
15
20
9
18
17
11
17
13
19
12
10
15
14
8
8
14
17
14
15
12
9
15
11
21
11
15
12
17
14
10
16
13
12
15
15
22
12
14
15
11
15
7
14
11
8
13
14
13
12
13
11
13
21
10
13
18
12
18
13
9
15
13
15
11
12
12
28
17
13
21
13
18
14
12
9
15
16
17
12
15
16
15
14
15
12
15
12
15
14
9
15
9
11
11
15
12
13
10
9
19
9
17
12
13
12
18
11
10
16
12
17
16
10
11
11
13
20
18
13
22
19
13
17
10
13
16
13
14
9
13
14
10
15
9
16
9
12
16
12
10
14
16
17
13
13
14
6
15
13
15
12
12
14
15
7
15
14
15
11
10
13
13
17
14
14
18
10
18
13
17
9
12
12
13
14
19
11
15
20
15
16
13
11
21
11
13
19
15
13
17
12
16
13
14
19
14
14
16
14
13
