13
9
14
20
11
13
16
19
18
16
15
17
18
13
10
18
14
20
12
14
18
15
22
17
14
13
16
15
16
12
27
13
13
23
14
15
12
17
11
14
11
14
12
16
22
21
19
18
15
19
14
15
11
15
13
16
15
15
12
13
12
17
9
16
15
19
16
12
10
19
17
13
15
22
17
13
13
17
14
14
11
16
19
17
14
19
13
12
17
13
16
13
12
16
14
14
12
16
13
15
15
11
16
16
13
13
16
17
12
11
14
12
13
11
11
10
12
11
12
10
22
11
10
15
13
21
8
12
13
11
13
16
25
21
22
11
13
11
10
17
17
17
13
16
18
18
15
12
19
13
14
15
12
19
15
17
13
16
23
13
18
10
21
16
13
14
19
9
15
14
8
16
18
10
13
11
14
13
14
13
14
12
16
24
14
18
15
16
12
21
14
19
8
16
18
14
18
12
13
20
14
15
13
13
10
20
17
10
14
16
22
14
12
13
22
17
16
16
12
16
19
14
10
14
10
13
13
12
13
15
20
21
10
16
13
19
14
11
11
13
17
13
16
15
14
12
13
13
21
19
16
15
11
19
11
14
10
18
11
14
13
12
11
24
13
12
12
12
16
12
15
14
21
14
12
10
13
14
11
13
10
17
16
13
18
10
21
13
16
14
16
17
12
12
15
19
24
14
10
11
14
12
11
16
11
14
9
22
17
14
21
13
15
13
14
15
13
17
12
16
11
24
14
13
18
17
14
20
15
12
17
16
17
9
10
11
9
17
12
15
17
12
12
9
15
20
17
11
15
14
13
13
16
10
18
13
9
12
14
14
13
12
12
15
16
16
11
13
10
15
15
16
17
11
12
16
10
10
10
13
15
13
15
18
15
10
12
21
13
13
14
13
14
14
10
15
15
15
16
21
18
13
15
15
12
13
21
14
13
13
18
18
18
19
21
14
11
11
17
15
16
10
12
14
10
16
19
13
18
9
10
15
14
15
15
16
16
12
16
17
13
17
17
16
10
9
16
20
14
16
18
14
9
12
18
18
16
17
15
15
12
16
12
14
17
13
19
21
19
14
14
11
17
20
15
11
17
12
14
13
10
11
17
20
13
16
16
14
16
13
11
18
14
13
11
14
17
15
14
10
11
13
13
12
14
14
11
15
15
15
11
14
12
16
17
13
15
14
18
19
13
13
15
12
15
15
17
12
12
14
16
12
15
15
17
18
11
15
14
15
13
17
10
15
19
14
9
12
12
21
15
17
17
12
12
13
14
13
17
17
27
16
17
25
11
20
10
11
15
17
14
17
13
15
15
14
17
12
18
12
13
14
12
12
18
13
15
11
16
15
14
13
9
15
16
14
11
16
14
17
12
11
11
15
15
14
9
16
20
10
12
17
15
15
9
13
13
17
13
12
14
17
14
21
16
8
17
11
19
13
12
12
13
12
13
15
14
13
12
13
24
16
16
17
10
19
15
10
22
12
10
16
11
11
12
16
12
19
11
9
16
13
12
21
12
14
13
20
15
11
16
19
16
11
16
14
15
12
9
19
13
14
13
13
17
13
13
12
17
16
11
10
14
15
11
14
11
8
11
14
12
20
10
15
15
17
21
14
14
17
12
20
18
13
14
11
19
16
17
11
14
9
11
16
12
19
15
10
10
9
15
12
17
12
11
16
10
13
13
14
14
13
11
17
12
15
16
12
18
12
16
14
14
11
15
10
20
14
13
18
17
18
15
14
18
16
18
21
15
13
18
15
20
16
13
19
13
15
10
14
12
12
13
15
19
16
18
10
25
11
12
14
24
10
17
16
15
9
19
19
10
17
14
17
10
19
12
10
13
15
21
17
19
19
12
15
15
14
22
15
16
16
11
11
13
13
14
17
11
10
18
21
14
14
15
13
8
20
16
21
23
22
15
12
17
9
18
19
17
15
13
12
12
17
13
10
12
25
17
15
12
17
15
18
19
14
13
16
13
21
16
18
11
13
15
15
18
22
10
13
14
17
15
12
23
15
13
12
9
16
14
15
15
17
17
16
14
17
13
19
18
10
18
12
13
15
13
9
12
13
15
12
13
9
12
21
14
16
12
15
14
12
15
23
17
13
14
16
15
8
15
12
17
9
13
25
12
20
10
10
18
15
13
11
15
13
14
13
15
28
13
12
16
11
11
14
24
13
19
12
12
14
12
13
15
11
12
9
10
15
14
14
16
18
12
13
13
11
21
18
