16
18
21
10
24
15
11
15
22
17
15
14
32
13
12
16
20
22
13
18
17
12
18
14
14
22
19
15
14
19
9
10
15
17
21
12
19
18
14
23
17
13
13
17
18
16
25
19
11
16
14
17
12
10
11
16
13
22
15
21
18
21
16
13
12
21
15
16
13
18
22
12
12
29
15
19
23
15
14
19
12
12
15
13
12
17
17
15
24
12
16
17
15
14
16
16
28
17
20
10
19
16
16
26
14
20
20
18
20
21
18
27
16
9
17
13
13
20
21
14
15
21
16
18
10
15
23
23
15
20
15
15
11
16
16
12
21
17
15
13
18
15
17
16
21
11
12
21
16
14
20
19
18
21
12
10
12
11
15
9
15
16
23
17
10
13
15
13
12
22
20
18
13
18
15
9
13
12
18
20
15
20
17
13
19
16
11
12
24
17
14
22
13
10
22
16
14
14
13
11
14
16
17
24
13
26
22
15
12
12
21
12
12
16
10
15
14
9
11
25
10
19
16
27
11
16
16
18
11
14
14
12
15
19
14
12
13
15
15
11
13
10
13
13
17
17
15
15
17
18
21
16
19
23
12
15
13
21
17
21
17
12
22
12
18
16
20
24
9
16
12
16
13
15
14
22
13
12
16
13
16
11
17
16
15
17
17
17
21
13
17
13
12
13
13
16
12
14
17
14
14
16
15
14
20
15
15
12
21
20
11
16
13
17
24
17
25
15
16
12
13
14
19
16
28
25
9
21
21
18
14
15
26
10
25
17
16
12
14
14
21
18
14
11
16
9
19
16
14
16
14
24
19
10
16
14
13
15
19
18
15
18
22
17
22
11
18
16
19
14
16
12
20
16
19
26
19
18
11
23
11
14
21
12
13
22
17
14
17
18
17
11
15
14
10
20
17
20
16
14
12
18
19
15
16
28
19
21
17
22
13
22
12
21
11
9
16
8
14
20
20
20
12
13
19
21
17
13
19
18
16
13
18
22
14
11
26
24
18
20
16
19
15
10
16
21
18
10
15
23
15
12
13
10
19
13
13
10
15
10
14
11
18
18
12
18
24
15
15
21
12
18
12
20
17
10
15
23
11
18
13
12
16
16
23
13
15
12
20
15
16
12
9
24
13
18
21
13
14
21
19
12
13
23
19
18
9
21
15
15
33
17
14
15
15
19
10
12
13
12
15
17
10
15
16
16
17
21
11
19
20
16
17
20
31
12
14
9
13
12
17
18
13
14
9
20
24
26
10
20
9
16
12
21
18
15
12
19
12
21
17
12
11
14
18
16
12
22
16
31
20
18
16
13
13
14
13
22
20
16
17
17
13
17
13
18
13
20
16
21
18
24
20
16
10
25
25
11
11
13
9
20
19
17
15
13
14
12
15
16
12
13
13
11
27
18
27
18
19
14
16
15
14
13
15
16
20
16
19
21
20
16
27
16
29
18
14
14
11
21
17
20
18
19
18
18
25
18
20
13
9
17
19
16
15
22
12
18
12
17
16
27
14
9
14
23
14
21
16
10
17
11
15
14
19
15
14
16
17
14
17
14
16
12
14
15
20
14
15
15
12
20
20
13
20
20
24
12
16
14
15
17
12
12
15
23
19
22
25
22
19
17
17
18
17
22
18
15
13
9
25
12
22
13
16
13
14
12
23
12
18
17
21
20
11
14
14
10
11
16
14
17
14
16
22
21
20
12
18
16
11
15
13
14
10
13
19
14
9
14
14
14
20
8
10
14
12
14
25
14
14
17
23
18
16
13
28
9
12
23
13
14
10
13
29
14
16
11
14
15
15
22
14
17
17
24
15
20
19
23
16
12
10
16
19
14
23
14
18
16
19
20
20
18
20
19
20
13
17
12
20
11
12
12
15
24
22
13
9
10
20
18
15
14
17
18
14
21
15
16
16
16
22
16
12
18
14
12
16
17
15
18
19
19
28
16
14
22
12
20
21
14
15
16
14
13
16
16
15
9
13
14
13
19
10
17
13
21
22
13
22
23
17
14
11
14
20
18
23
18
15
26
15
16
9
14
15
17
16
11
16
16
14
15
11
10
13
15
12
19
21
12
17
16
18
22
19
12
13
10
14
19
18
18
20
9
26
12
14
21
18
17
12
20
12
14
22
21
10
14
28
27
17
13
19
15
14
13
20
15
13
14
15
13
17
14
18
20
11
11
13
15
17
17
18
17
12
17
14
16
18
19
18
21
19
14
17
10
17
17
