12	1	19	12	0.32527	 0.323  0.581  0.516  0.258  0.129  0.419  0.     0.581  0.484  0.452  0.161  0.   
12	1	25	13	0.44737	 0.395  0.711  0.684  0.474  0.289  0.421  0.263  0.605  0.579  0.474  0.263  0.211
12	1	24	13	0.32883	 0.351  0.405  0.514  0.351  0.324  0.27   0.135  0.432  0.351  0.541  0.216  0.054
12	1	35	23	0.35345	 0.276  0.431  0.431  0.379  0.293  0.397  0.155  0.621  0.466  0.466  0.19   0.138
12	1	19	13	0.33073	 0.5    0.438  0.562  0.312  0.312  0.312  0.062  0.438  0.375  0.438  0.219  0.   
12	1	28	13	0.39024	 0.268  0.585  0.585  0.463  0.39   0.415  0.171  0.488  0.439  0.488  0.268  0.122
12	1	30	23	0.36635	 0.283  0.509  0.566  0.396  0.208  0.321  0.17   0.547  0.491  0.547  0.245  0.113
12	1	25	13	0.35526	 0.342  0.526  0.421  0.474  0.237  0.342  0.132  0.553  0.368  0.5  0.237  0.132
12	1	24	12	0.37269	 0.333  0.472  0.556  0.278  0.389  0.417  0.194  0.583  0.389  0.639  0.139  0.083
12	1	17	13	0.35000	 0.333  0.567  0.5    0.367  0.2    0.333  0.067  0.633  0.333  0.567  0.267  0.033
12	1	31	12	0.35271	 0.372  0.395  0.465  0.395  0.302  0.256  0.163  0.442  0.512  0.581  0.256  0.093
12	1	23	11	0.32108	 0.235  0.471  0.529  0.324  0.353  0.176  0.     0.5    0.441  0.471  0.324  0.029
12	1	30	12	0.35913	 0.333  0.643  0.595  0.286  0.262  0.357  0.024  0.619  0.429  0.595  0.143  0.024
12	1	20	12	0.34635	 0.344  0.625  0.469  0.281  0.25   0.25   0.156  0.531  0.344  0.625  0.219  0.062
12	1	23	13	0.43519	 0.472  0.583  0.639  0.5    0.333  0.361  0.222  0.639  0.389  0.556  0.306  0.222
12	1	25	13	0.40789	 0.421  0.474  0.605  0.526  0.316  0.395  0.158  0.5    0.447  0.553  0.368  0.132
12	1	26	23	0.34864	 0.49   0.49   0.51   0.388  0.224  0.306  0.061  0.469  0.429  0.551  0.224  0.041
12	1	29	11	0.38542	 0.375  0.575  0.425  0.425  0.375  0.375  0.15   0.5    0.5    0.575  0.275  0.075
12	1	26	13	0.42094	 0.282  0.615  0.564  0.462  0.333  0.462  0.256  0.615  0.538  0.462  0.256  0.205
12	1	23	13	0.34954	 0.361  0.444  0.583  0.417  0.25   0.306  0.139  0.639  0.333  0.611  0.056  0.056
12	1	21	25	0.34239	 0.37   0.478  0.5    0.348  0.261  0.413  0.109  0.435  0.435  0.478  0.152  0.13 
12	1	21	14	0.33095	 0.371  0.4    0.486  0.4    0.257  0.229  0.114  0.514  0.429  0.486  0.114  0.171
12	1	15	12	0.42284	0.518518518519	0.592592592593	0.407407407407	0.555555555556	0.407407407407	0.259259259259	0.148148148148	0.555555555556	0.592592592593	0.518518518519	0.296296296296	0.222222222222
12	1	20	12	0.36198	0.40625	0.40625	0.40625	0.40625	0.25	0.5	0.0625	0.59375	0.5	0.65625	0.125	0.03125
12	1	31	12	0.38953	0.46511627907	0.511627906977	0.53488372093	0.46511627907	0.325581395349	0.372093023256	0.255813953488	0.511627906977	0.46511627907	0.511627906977	0.162790697674	0.09302325581
12	1	19	11	0.37500	0.467	0.567	0.467	0.300	0.233	0.400	0.133	0.633	0.567	0.500	0.133	0.100
12	1	19	12	0.33065	0.419	0.419	0.387	0.516	0.323	0.355	0.129	0.581	0.355	0.226	0.258	0.000
12	1	16	13	0.43678	0.414	0.517	0.690	0.483	0.345	0.276	0.345	0.552	0.552	0.621	0.276	0.172
12	1	26	12	0.33114	0.211	0.474	0.421	0.421	0.211	0.316	0.105	0.553	0.500	0.395	0.184	0.184
12	1	19	24	0.34109	0.233	0.395	0.465	0.372	0.395	0.302	0.233	0.512	0.419	0.326	0.209	0.233
12	1	17	12	0.35920	0.448	0.448	0.483	0.345	0.310	0.207	0.207	0.517	0.517	0.414	0.172	0.241
12	1	21	13	0.34804	0.265	0.588	0.500	0.324	0.235	0.324	0.176	0.500	0.471	0.441	0.235	0.118
12	1	24	12	0.37500	0.250	0.472	0.556	0.528	0.389	0.222	0.139	0.667	0.417	0.639	0.111	0.111
12	1	18	11	0.33908	0.345	0.586	0.448	0.345	0.345	0.241	0.138	0.448	0.552	0.345	0.103	0.172
12	1	27	15	0.38690	0.429	0.690	0.405	0.571	0.286	0.429	0.190	0.524	0.357	0.405	0.143	0.214
12	1	17	13	0.36389	0.300	0.500	0.300	0.367	0.467	0.467	0.133	0.600	0.267	0.433	0.300	0.233
12	1	23	24	0.35638	0.298	0.532	0.511	0.383	0.362	0.319	0.149	0.404	0.426	0.553	0.191	0.149
12	1	24	12	0.34722	0.556	0.528	0.472	0.389	0.278	0.278	0.139	0.444	0.333	0.528	0.167	0.056
12	1	19	24	0.33915	0.349	0.488	0.558	0.488	0.209	0.233	0.093	0.395	0.372	0.488	0.233	0.163
12	1	21	12	0.35606	0.394	0.515	0.576	0.424	0.242	0.394	0.121	0.424	0.394	0.515	0.182	0.091
12	1	25	24	0.33163	0.429	0.347	0.531	0.388	0.245	0.286	0.224	0.367	0.388	0.388	0.245	0.143
12	1	22	23	0.34074	0.289	0.467	0.356	0.311	0.267	0.444	0.156	0.511	0.400	0.489	0.200	0.200
12	1	21	12	0.35354	0.303	0.485	0.576	0.364	0.455	0.212	0.061	0.455	0.485	0.515	0.152	0.182
12	1	28	12	0.40625	0.525	0.600	0.550	0.375	0.275	0.350	0.150	0.550	0.600	0.575	0.125	0.200
12	1	16	24	0.37292	0.400	0.575	0.475	0.450	0.275	0.300	0.125	0.475	0.475	0.450	0.325	0.150
12	1	19	12	0.36828	0.355	0.677	0.581	0.452	0.258	0.355	0.129	0.419	0.387	0.355	0.323	0.129
12	1	19	15	0.38235	0.324	0.441	0.441	0.471	0.353	0.471	0.206	0.529	0.412	0.529	0.294	0.118
12	1	33	20	0.36164	0.415	0.755	0.415	0.453	0.340	0.396	0.094	0.321	0.547	0.396	0.151	0.057
12	1	13	12	0.34000	0.320	0.480	0.560	0.440	0.200	0.280	0.040	0.320	0.600	0.600	0.160	0.080
12	1	23	16	0.36538	0.308	0.564	0.359	0.436	0.231	0.359	0.231	0.487	0.564	0.359	0.231	0.256
12	1	20	12	0.35938	0.312	0.594	0.469	0.375	0.375	0.281	0.156	0.438	0.500	0.406	0.281	0.125
12	1	19	16	0.41429	0.457	0.543	0.543	0.429	0.343	0.371	0.229	0.514	0.571	0.457	0.286	0.229
12	1	21	13	0.35294	0.324	0.500	0.471	0.324	0.265	0.353	0.147	0.500	0.529	0.559	0.088	0.176
12	1	25	13	0.34211	0.447	0.553	0.526	0.289	0.132	0.316	0.211	0.368	0.500	0.395	0.184	0.184
12	1	19	13	0.35156	0.344	0.656	0.312	0.562	0.250	0.250	0.156	0.406	0.469	0.500	0.156	0.156
12	1	13	12	0.32333	0.400	0.480	0.360	0.600	0.200	0.200	0.040	0.400	0.640	0.440	0.040	0.080
12	1	25	12	0.37387	0.324	0.514	0.405	0.568	0.297	0.405	0.108	0.568	0.459	0.459	0.270	0.108
12	1	24	24	0.32639	0.250	0.479	0.479	0.333	0.271	0.229	0.229	0.500	0.375	0.417	0.146	0.208
12	1	27	24	0.33824	0.294	0.431	0.569	0.373	0.255	0.255	0.098	0.373	0.490	0.490	0.275	0.157
12	1	18	14	0.33333	0.312	0.562	0.438	0.406	0.344	0.312	0.125	0.406	0.406	0.594	0.094	0.000
12	1	21	13	0.36029	0.382	0.441	0.588	0.412	0.265	0.324	0.118	0.441	0.618	0.412	0.147	0.176
12	1	20	11	0.40054	0.258	0.677	0.613	0.355	0.323	0.387	0.161	0.613	0.516	0.548	0.226	0.129
12	1	23	12	0.35952	0.400	0.600	0.571	0.371	0.171	0.343	0.143	0.457	0.486	0.457	0.200	0.114
12	1	18	23	0.31504	0.293	0.512	0.317	0.390	0.171	0.293	0.073	0.463	0.512	0.488	0.122	0.146
12	1	25	14	0.37393	0.410	0.641	0.385	0.359	0.308	0.436	0.179	0.436	0.513	0.436	0.179	0.205
12	1	18	13	0.36290	0.419	0.645	0.484	0.516	0.194	0.387	0.097	0.387	0.452	0.548	0.097	0.129
12	1	19	11	0.35000	0.333	0.533	0.500	0.300	0.333	0.233	0.100	0.367	0.600	0.500	0.300	0.100
12	1	17	12	0.33046	0.379	0.586	0.517	0.379	0.241	0.310	0.069	0.345	0.345	0.345	0.345	0.103
12	1	21	13	0.42402	0.588	0.382	0.618	0.324	0.412	0.324	0.235	0.500	0.588	0.529	0.382	0.206
12	1	28	16	0.38258	0.432	0.682	0.614	0.432	0.273	0.386	0.136	0.341	0.477	0.455	0.182	0.182
12	1	19	12	0.33871	0.258	0.419	0.613	0.548	0.323	0.323	0.129	0.419	0.419	0.355	0.226	0.032
12	1	30	12	0.40873	0.429	0.643	0.619	0.357	0.262	0.310	0.143	0.595	0.524	0.619	0.238	0.167
12	1	24	24	0.36806	0.354	0.521	0.583	0.312	0.208	0.417	0.167	0.438	0.396	0.542	0.312	0.167
12	1	15	13	0.33036	0.321	0.571	0.357	0.500	0.250	0.214	0.179	0.286	0.321	0.429	0.321	0.214
12	1	18	11	0.35632	0.345	0.621	0.586	0.310	0.241	0.345	0.207	0.414	0.483	0.414	0.138	0.172
12	1	22	12	0.35049	0.382	0.735	0.559	0.471	0.206	0.265	0.059	0.412	0.382	0.529	0.118	0.088
12	1	30	13	0.37209	0.372	0.674	0.558	0.349	0.256	0.349	0.163	0.465	0.605	0.395	0.116	0.163
12	1	22	13	0.37381	0.429	0.600	0.429	0.371	0.286	0.343	0.171	0.429	0.486	0.457	0.257	0.229
12	1	14	11	0.30667	0.200	0.520	0.400	0.520	0.240	0.280	0.160	0.400	0.440	0.240	0.120	0.160
12	1	26	14	0.33125	0.325	0.450	0.500	0.350	0.275	0.500	0.100	0.425	0.450	0.300	0.175	0.125
12	1	20	13	0.37626	0.364	0.636	0.576	0.424	0.212	0.364	0.121	0.576	0.485	0.455	0.212	0.091
12	1	22	12	0.37255	0.353	0.588	0.412	0.382	0.324	0.176	0.147	0.647	0.529	0.529	0.147	0.235
12	1	22	14	0.32870	0.250	0.528	0.389	0.389	0.222	0.444	0.194	0.417	0.500	0.417	0.167	0.028
12	1	20	13	0.33838	0.394	0.545	0.485	0.273	0.152	0.212	0.091	0.606	0.485	0.455	0.242	0.121
12	1	25	23	0.34375	0.375	0.479	0.542	0.271	0.312	0.229	0.125	0.354	0.500	0.562	0.208	0.167
12	1	17	12	0.33908	0.276	0.414	0.345	0.448	0.172	0.414	0.276	0.276	0.379	0.483	0.345	0.241
12	1	25	12	0.37613	0.351	0.514	0.541	0.541	0.243	0.270	0.135	0.324	0.649	0.622	0.162	0.162
12	1	29	26	0.36364	0.309	0.545	0.655	0.327	0.200	0.255	0.236	0.491	0.564	0.400	0.182	0.200
12	1	26	14	0.36458	0.525	0.525	0.400	0.500	0.225	0.325	0.250	0.425	0.475	0.375	0.200	0.150
12	1	15	24	0.29060	0.333	0.538	0.385	0.231	0.231	0.231	0.051	0.385	0.513	0.359	0.179	0.051
12	1	22	12	0.37010	0.353	0.529	0.559	0.353	0.382	0.412	0.088	0.529	0.294	0.500	0.353	0.088
12	1	20	12	0.35417	0.312	0.562	0.500	0.312	0.188	0.312	0.250	0.469	0.625	0.312	0.250	0.156
12	1	16	23	0.36966	0.385	0.615	0.410	0.462	0.308	0.282	0.077	0.487	0.462	0.564	0.205	0.179
12	1	24	16	0.41250	0.300	0.500	0.600	0.375	0.375	0.375	0.300	0.575	0.450	0.550	0.225	0.325
12	1	19	11	0.35556	0.367	0.600	0.533	0.367	0.300	0.400	0.167	0.467	0.467	0.300	0.167	0.133
12	1	28	24	0.34455	0.308	0.481	0.462	0.481	0.250	0.365	0.058	0.462	0.481	0.500	0.173	0.115
12	1	20	13	0.40657	0.455	0.455	0.576	0.333	0.606	0.545	0.182	0.394	0.455	0.485	0.242	0.152
12	1	21	13	0.38480	0.324	0.529	0.500	0.441	0.441	0.412	0.147	0.529	0.529	0.382	0.235	0.147
12	1	20	25	0.36667	0.289	0.533	0.556	0.578	0.222	0.356	0.156	0.422	0.467	0.422	0.200	0.200
12	1	15	12	0.32099	0.444	0.519	0.370	0.296	0.296	0.333	0.074	0.593	0.370	0.333	0.185	0.037
12	1	24	11	0.34762	0.486	0.486	0.514	0.371	0.171	0.429	0.086	0.457	0.543	0.429	0.114	0.086
12	1	25	11	0.37963	0.389	0.556	0.333	0.472	0.222	0.306	0.222	0.444	0.583	0.583	0.250	0.194
12	1	15	12	0.33642	0.407	0.593	0.556	0.333	0.296	0.259	0.074	0.444	0.481	0.370	0.111	0.111
12	1	25	12	0.36261	0.297	0.405	0.649	0.432	0.189	0.351	0.135	0.459	0.486	0.595	0.216	0.135
12	1	22	14	0.41435	0.306	0.639	0.556	0.472	0.361	0.389	0.222	0.500	0.611	0.444	0.306	0.167
12	1	21	13	0.41667	0.471	0.618	0.676	0.500	0.324	0.441	0.235	0.412	0.382	0.471	0.265	0.206
12	1	29	12	0.43496	0.415	0.610	0.463	0.561	0.463	0.439	0.293	0.415	0.463	0.512	0.341	0.244
12	1	22	13	0.35476	0.486	0.400	0.486	0.343	0.286	0.486	0.114	0.457	0.429	0.429	0.229	0.114
12	1	25	12	0.38964	0.378	0.486	0.622	0.568	0.324	0.541	0.081	0.297	0.514	0.595	0.135	0.135
12	1	24	23	0.38475	0.489	0.447	0.468	0.553	0.319	0.532	0.191	0.298	0.404	0.468	0.255	0.191
12	1	29	12	0.39431	0.415	0.488	0.610	0.415	0.366	0.415	0.146	0.390	0.439	0.610	0.268	0.171
12	1	17	12	0.32471	0.379	0.448	0.483	0.517	0.207	0.483	0.103	0.345	0.241	0.483	0.207	0.000
12	1	19	12	0.35215	0.387	0.484	0.581	0.516	0.290	0.452	0.065	0.323	0.387	0.484	0.226	0.032
12	1	24	11	0.36905	0.400	0.429	0.657	0.457	0.429	0.457	0.143	0.429	0.400	0.400	0.114	0.114
12	1	18	12	0.38611	0.467	0.367	0.500	0.367	0.467	0.600	0.233	0.467	0.467	0.467	0.133	0.100
12	1	18	23	0.32114	0.293	0.439	0.634	0.488	0.244	0.317	0.073	0.341	0.244	0.390	0.268	0.122
12	1	19	12	0.39247	0.452	0.548	0.581	0.419	0.516	0.323	0.226	0.355	0.419	0.452	0.258	0.161
12	1	18	24	0.30952	0.333	0.476	0.548	0.452	0.238	0.286	0.143	0.405	0.214	0.452	0.071	0.095
12	1	29	12	0.39837	0.512	0.463	0.537	0.512	0.415	0.561	0.098	0.317	0.463	0.463	0.317	0.122
12	1	21	11	0.37760	0.406	0.594	0.344	0.406	0.344	0.531	0.156	0.406	0.438	0.406	0.312	0.188
12	1	18	13	0.36022	0.290	0.581	0.645	0.516	0.290	0.419	0.065	0.355	0.419	0.419	0.226	0.097
12	1	26	16	0.44246	0.500	0.595	0.690	0.548	0.405	0.524	0.190	0.476	0.524	0.476	0.214	0.167
12	1	32	13	0.41852	0.622	0.667	0.622	0.489	0.289	0.467	0.244	0.489	0.311	0.422	0.289	0.111
12	1	21	14	0.39286	0.457	0.400	0.543	0.514	0.343	0.571	0.200	0.343	0.400	0.486	0.257	0.200
12	1	19	12	0.42473	0.484	0.581	0.613	0.419	0.355	0.516	0.129	0.516	0.387	0.677	0.258	0.161
12	1	31	18	0.44388	0.163	0.306	0.449	0.347	0.653	0.510	0.265	0.510	0.531	0.653	0.490	0.449
12	1	45	15	0.45417	0.083	0.250	0.350	0.383	0.700	0.583	0.167	0.583	0.650	0.667	0.517	0.517
12	1	29	12	0.45935	0.146	0.146	0.537	0.537	0.707	0.463	0.195	0.561	0.659	0.463	0.561	0.537
12	1	22	12	0.42157	0.118	0.118	0.559	0.618	0.382	0.529	0.294	0.500	0.529	0.529	0.529	0.353
12	1	20	12	0.41146	0.156	0.312	0.469	0.500	0.406	0.531	0.156	0.562	0.438	0.406	0.531	0.469
12	1	21	12	0.42424	0.091	0.242	0.485	0.455	0.576	0.424	0.273	0.545	0.576	0.606	0.394	0.424
12	1	17	12	0.34195	0.103	0.103	0.483	0.414	0.448	0.310	0.241	0.345	0.517	0.414	0.345	0.379
12	1	22	13	0.39524	0.086	0.114	0.486	0.429	0.514	0.571	0.200	0.514	0.429	0.571	0.343	0.486
12	1	26	24	0.39833	0.200	0.160	0.460	0.380	0.600	0.360	0.200	0.380	0.520	0.440	0.540	0.540
12	1	29	12	0.46748	0.122	0.244	0.463	0.610	0.512	0.488	0.171	0.488	0.610	0.537	0.683	0.683
12	1	21	12	0.41162	0.152	0.061	0.545	0.455	0.576	0.303	0.152	0.576	0.424	0.636	0.667	0.394
12	1	38	29	0.42413	0.194	0.313	0.507	0.299	0.582	0.388	0.179	0.522	0.478	0.552	0.537	0.537
12	1	18	13	0.35753	0.161	0.290	0.452	0.226	0.387	0.387	0.194	0.484	0.419	0.484	0.419	0.387
12	1	39	17	0.43750	0.036	0.125	0.429	0.393	0.696	0.518	0.196	0.571	0.589	0.607	0.500	0.589
12	1	20	12	0.39062	0.062	0.188	0.375	0.375	0.625	0.375	0.094	0.438	0.594	0.594	0.406	0.562
12	1	16	49	0.27564	0.046	0.108	0.277	0.092	0.846	0.215	0.092	0.262	0.431	0.369	0.338	0.231
12	1	29	16	0.39815	0.089	0.311	0.511	0.267	0.622	0.400	0.133	0.422	0.511	0.467	0.556	0.489
12	1	32	49	0.35905	0.025	0.210	0.346	0.272	0.741	0.457	0.185	0.444	0.420	0.432	0.457	0.321
12	1	24	17	0.40854	0.195	0.268	0.268	0.317	0.341	0.488	0.244	0.439	0.634	0.561	0.561	0.585
12	1	29	13	0.47024	0.143	0.286	0.476	0.310	0.667	0.571	0.190	0.571	0.643	0.619	0.619	0.548
12	1	29	25	0.41358	0.278	0.463	0.444	0.463	0.537	0.556	0.185	0.407	0.519	0.481	0.463	0.167
12	1	23	17	0.40625	0.225	0.600	0.500	0.350	0.500	0.450	0.175	0.400	0.600	0.600	0.425	0.050
12	1	23	13	0.38426	0.250	0.556	0.361	0.361	0.583	0.500	0.250	0.444	0.444	0.472	0.361	0.028
12	1	51	23	0.45495	0.230	0.527	0.568	0.432	0.703	0.527	0.284	0.527	0.595	0.459	0.486	0.122
12	1	28	33	0.42213	0.230	0.344	0.508	0.459	0.770	0.393	0.164	0.443	0.607	0.492	0.525	0.131
12	1	32	70	0.31781	0.127	0.265	0.294	0.304	0.853	0.284	0.157	0.304	0.412	0.353	0.314	0.147
12	1	72	18	0.50370	0.211	0.689	0.489	0.533	0.833	0.600	0.233	0.522	0.611	0.544	0.589	0.189
12	1	26	25	0.36928	0.235	0.392	0.314	0.353	0.569	0.510	0.176	0.392	0.431	0.431	0.529	0.098
12	1	25	12	0.37387	0.162	0.432	0.324	0.459	0.514	0.432	0.135	0.568	0.541	0.432	0.405	0.081
12	1	23	26	0.36395	0.122	0.388	0.347	0.469	0.653	0.347	0.224	0.367	0.531	0.367	0.429	0.122
12	1	32	27	0.44209	0.356	0.492	0.441	0.458	0.644	0.390	0.288	0.475	0.508	0.525	0.559	0.169
12	1	16	146	0.22377	0.111	0.148	0.154	0.136	0.883	0.154	0.117	0.247	0.185	0.278	0.210	0.062
12	1	15	14	0.36782	0.172	0.414	0.414	0.379	0.448	0.448	0.138	0.517	0.483	0.448	0.448	0.103
12	1	27	25	0.40545	0.250	0.442	0.423	0.442	0.462	0.462	0.212	0.462	0.615	0.481	0.558	0.058
12	1	36	13	0.46259	0.286	0.571	0.551	0.510	0.551	0.510	0.245	0.510	0.612	0.592	0.429	0.184
12	1	24	26	0.39833	0.320	0.520	0.420	0.540	0.440	0.380	0.200	0.500	0.440	0.500	0.400	0.120
12	1	30	12	0.42857	0.214	0.405	0.571	0.500	0.667	0.405	0.262	0.452	0.571	0.476	0.548	0.071
12	1	20	13	0.44949	0.182	0.636	0.364	0.303	0.606	0.667	0.212	0.576	0.667	0.455	0.515	0.212
12	1	21	20	0.38415	0.220	0.512	0.390	0.366	0.512	0.439	0.171	0.463	0.488	0.463	0.390	0.195
12	1	29	12	0.44309	0.585	0.585	0.439	0.366	0.488	0.537	0.122	0.634	0.512	0.439	0.537	0.073
12	1	28	16	0.55114	0.523	0.636	0.727	0.477	0.477	0.705	0.409	0.614	0.682	0.636	0.591	0.136
12	1	35	23	0.40948	0.362	0.621	0.534	0.362	0.414	0.431	0.207	0.448	0.466	0.534	0.466	0.069
12	1	37	16	0.45126	0.396	0.585	0.623	0.472	0.358	0.642	0.151	0.472	0.528	0.547	0.566	0.075
12	1	23	16	0.37607	0.359	0.564	0.487	0.359	0.333	0.513	0.205	0.436	0.385	0.385	0.359	0.128
12	1	28	22	0.41500	0.300	0.660	0.600	0.440	0.280	0.560	0.160	0.400	0.480	0.540	0.420	0.140
12	1	28	21	0.44048	0.286	0.653	0.653	0.388	0.388	0.571	0.143	0.490	0.592	0.449	0.551	0.122
12	1	39	13	0.45513	0.423	0.596	0.577	0.519	0.404	0.538	0.173	0.346	0.615	0.596	0.538	0.135
12	1	20	16	0.46991	0.472	0.583	0.611	0.583	0.361	0.583	0.278	0.333	0.583	0.556	0.528	0.167
12	1	38	16	0.45679	0.370	0.648	0.593	0.463	0.481	0.556	0.241	0.370	0.537	0.593	0.519	0.111
12	1	40	16	0.48065	0.250	0.643	0.643	0.411	0.464	0.679	0.250	0.589	0.571	0.589	0.536	0.143
12	1	28	14	0.45040	0.381	0.452	0.524	0.500	0.643	0.476	0.238	0.548	0.571	0.500	0.452	0.119
12	1	24	18	0.42857	0.452	0.429	0.357	0.500	0.667	0.476	0.262	0.500	0.548	0.452	0.310	0.190
12	1	23	25	0.42361	0.375	0.396	0.500	0.458	0.521	0.583	0.312	0.458	0.521	0.396	0.417	0.146
12	1	35	25	0.41806	0.383	0.450	0.367	0.367	0.483	0.483	0.217	0.567	0.600	0.500	0.533	0.067
12	1	15	25	0.39792	0.350	0.500	0.550	0.350	0.475	0.475	0.225	0.425	0.525	0.400	0.425	0.075
12	1	31	23	0.42284	0.352	0.481	0.537	0.426	0.481	0.426	0.185	0.537	0.574	0.519	0.407	0.148
12	1	34	26	0.47639	0.417	0.567	0.567	0.417	0.667	0.517	0.250	0.517	0.567	0.633	0.367	0.233
12	1	34	13	0.46631	0.404	0.617	0.511	0.532	0.511	0.489	0.234	0.574	0.553	0.596	0.489	0.085
12	1	35	13	0.44792	0.500	0.375	0.521	0.625	0.458	0.583	0.167	0.521	0.479	0.542	0.500	0.104
12	1	32	29	0.45628	0.475	0.344	0.443	0.459	0.475	0.508	0.262	0.557	0.590	0.574	0.557	0.230
12	1	22	24	0.31703	0.304	0.174	0.370	0.217	0.283	0.326	0.109	0.391	0.457	0.413	0.717	0.043
12	1	31	13	0.48674	0.568	0.364	0.386	0.341	0.432	0.614	0.273	0.523	0.727	0.545	0.750	0.318
12	1	22	15	0.35135	0.378	0.108	0.270	0.324	0.297	0.459	0.108	0.459	0.649	0.541	0.486	0.135
12	1	22	51	0.29795	0.260	0.192	0.274	0.247	0.247	0.329	0.137	0.329	0.384	0.233	0.767	0.178
12	1	40	18	0.44253	0.448	0.328	0.379	0.448	0.431	0.569	0.190	0.569	0.638	0.431	0.707	0.172
12	1	34	16	0.46667	0.480	0.320	0.580	0.340	0.460	0.520	0.380	0.500	0.540	0.600	0.660	0.220
12	1	30	13	0.44574	0.419	0.279	0.535	0.465	0.465	0.535	0.163	0.488	0.698	0.674	0.512	0.116
12	1	29	25	0.38889	0.370	0.278	0.389	0.389	0.481	0.500	0.167	0.481	0.500	0.444	0.537	0.130
12	1	31	12	0.44380	0.419	0.465	0.535	0.488	0.512	0.628	0.116	0.442	0.651	0.395	0.581	0.093
12	1	28	15	0.42636	0.372	0.326	0.535	0.419	0.419	0.581	0.209	0.488	0.465	0.488	0.674	0.140
12	1	29	14	0.44574	0.395	0.349	0.442	0.349	0.488	0.535	0.209	0.605	0.558	0.744	0.488	0.186
12	1	19	23	0.35119	0.405	0.262	0.405	0.333	0.310	0.405	0.143	0.405	0.452	0.452	0.548	0.095
12	1	28	20	0.45660	0.438	0.479	0.479	0.438	0.417	0.521	0.167	0.542	0.646	0.521	0.646	0.188
12	1	26	13	0.43376	0.333	0.308	0.513	0.590	0.385	0.436	0.205	0.487	0.564	0.590	0.615	0.179
12	1	24	14	0.46711	0.368	0.447	0.500	0.605	0.447	0.579	0.263	0.368	0.553	0.605	0.684	0.184
12	1	31	12	0.44574	0.395	0.395	0.442	0.581	0.488	0.512	0.023	0.512	0.605	0.721	0.651	0.023
12	1	29	23	0.40865	0.288	0.327	0.308	0.558	0.404	0.596	0.173	0.481	0.558	0.423	0.635	0.154
12	1	22	13	0.43095	0.286	0.314	0.429	0.400	0.514	0.543	0.200	0.457	0.657	0.571	0.571	0.229
12	1	35	11	0.44746	0.370	0.500	0.543	0.391	0.391	0.674	0.087	0.565	0.543	0.630	0.587	0.087
12	1	25	51	0.31469	0.276	0.263	0.276	0.211	0.276	0.658	0.145	0.395	0.487	0.263	0.395	0.132
2	1	14	24	0.22368	0.289	0.184	0.211	0.026	0.211	0.289	0.316	0.342	0.132	0.342	0.263	0.079
12	1	19	14	0.33081	0.455	0.061	0.333	0.061	0.303	0.545	0.424	0.515	0.303	0.485	0.273	0.212
12	1	31	12	0.38953	0.628	0.093	0.465	0.047	0.372	0.535	0.488	0.488	0.419	0.488	0.395	0.256
12	1	17	13	0.38056	0.533	0.133	0.367	0.067	0.400	0.533	0.467	0.467	0.333	0.567	0.467	0.233
12	1	26	12	0.36404	0.316	0.184	0.395	0.026	0.368	0.474	0.579	0.605	0.342	0.553	0.342	0.184
12	1	19	12	0.34677	0.452	0.097	0.419	0.097	0.355	0.387	0.419	0.548	0.323	0.387	0.419	0.258
12	1	26	14	0.43958	0.600	0.200	0.375	0.150	0.325	0.575	0.650	0.650	0.525	0.500	0.425	0.300
12	1	20	13	0.33081	0.515	0.091	0.182	0.030	0.333	0.485	0.545	0.515	0.273	0.485	0.273	0.242
12	1	22	12	0.35049	0.471	0.088	0.265	0.029	0.382	0.441	0.471	0.500	0.412	0.529	0.382	0.235
12	1	26	12	0.38377	0.395	0.184	0.395	0.158	0.368	0.500	0.500	0.553	0.474	0.368	0.553	0.158
12	1	17	13	0.32778	0.400	0.100	0.333	0.100	0.433	0.533	0.333	0.500	0.233	0.367	0.333	0.267
12	1	17	13	0.36944	0.533	0.133	0.367	0.100	0.367	0.500	0.567	0.433	0.400	0.367	0.233	0.433
12	1	28	25	0.32075	0.415	0.132	0.208	0.132	0.302	0.528	0.491	0.472	0.321	0.377	0.321	0.151
12	1	17	12	0.34770	0.552	0.207	0.241	0.138	0.172	0.379	0.655	0.552	0.276	0.414	0.483	0.103
12	1	22	24	0.29891	0.370	0.065	0.283	0.109	0.348	0.522	0.500	0.543	0.174	0.283	0.304	0.087
12	1	19	12	0.35753	0.452	0.161	0.355	0.129	0.355	0.548	0.452	0.419	0.194	0.516	0.387	0.323
12	1	24	13	0.37838	0.432	0.135	0.270	0.054	0.459	0.568	0.486	0.486	0.351	0.622	0.486	0.189
12	1	26	12	0.35965	0.526	0.132	0.421	0.053	0.342	0.447	0.579	0.526	0.342	0.447	0.395	0.105
12	1	19	11	0.33611	0.467	0.167	0.200	0.033	0.400	0.500	0.533	0.500	0.300	0.500	0.267	0.167
12	1	20	12	0.34896	0.562	0.250	0.406	0.156	0.406	0.375	0.312	0.406	0.375	0.312	0.406	0.219
12	1	40	13	0.41509	0.604	0.208	0.377	0.094	0.358	0.698	0.434	0.604	0.491	0.453	0.415	0.245
12	1	17	12	0.37931	0.552	0.069	0.345	0.172	0.517	0.414	0.483	0.586	0.310	0.379	0.414	0.310
12	1	25	13	0.42544	0.500	0.211	0.342	0.184	0.553	0.553	0.579	0.579	0.421	0.474	0.368	0.342
12	1	28	12	0.38958	0.625	0.150	0.400	0.075	0.400	0.625	0.575	0.550	0.225	0.425	0.425	0.200
12	1	27	13	0.38125	0.550	0.175	0.450	0.075	0.425	0.450	0.500	0.500	0.300	0.450	0.425	0.275
12	1	35	12	0.42730	0.681	0.149	0.489	0.128	0.447	0.468	0.638	0.702	0.404	0.447	0.404	0.170
12	1	22	12	0.35049	0.529	0.147	0.353	0.059	0.382	0.647	0.353	0.441	0.353	0.382	0.294	0.265
12	1	25	13	0.36623	0.632	0.184	0.342	0.053	0.395	0.474	0.474	0.579	0.368	0.395	0.368	0.132
12	1	30	25	0.32273	0.455	0.127	0.327	0.055	0.255	0.436	0.455	0.436	0.309	0.455	0.400	0.164
12	1	23	12	0.34048	0.571	0.086	0.171	0.029	0.371	0.486	0.514	0.429	0.257	0.543	0.343	0.286
12	1	20	12	0.40365	0.625	0.094	0.312	0.156	0.406	0.625	0.469	0.531	0.344	0.625	0.344	0.312
12	1	20	12	0.32031	0.438	0.156	0.250	0.031	0.281	0.469	0.406	0.562	0.375	0.469	0.219	0.188
12	1	28	26	0.37963	0.519	0.204	0.426	0.130	0.426	0.500	0.444	0.481	0.333	0.500	0.389	0.204
12	1	28	11	0.34829	0.487	0.051	0.308	0.128	0.410	0.513	0.385	0.487	0.308	0.487	0.410	0.205
12	1	23	13	0.38657	0.528	0.083	0.500	0.111	0.472	0.417	0.472	0.583	0.333	0.583	0.333	0.222
12	1	32	12	0.36932	0.523	0.068	0.386	0.091	0.364	0.523	0.500	0.455	0.341	0.477	0.364	0.341
12	1	27	12	0.36538	0.487	0.128	0.333	0.051	0.385	0.564	0.385	0.667	0.410	0.462	0.462	0.051
12	1	22	13	0.34286	0.429	0.143	0.371	0.114	0.314	0.543	0.457	0.400	0.314	0.314	0.429	0.286
12	1	26	13	0.33333	0.436	0.103	0.308	0.077	0.359	0.590	0.538	0.385	0.333	0.359	0.385	0.128
12	1	27	12	0.34402	0.462	0.128	0.333	0.026	0.333	0.410	0.462	0.590	0.410	0.385	0.410	0.179
12	1	18	11	0.32471	0.345	0.241	0.276	0.138	0.241	0.552	0.586	0.483	0.310	0.414	0.276	0.034
12	1	38	12	0.36667	0.560	0.100	0.380	0.020	0.460	0.540	0.440	0.640	0.340	0.300	0.440	0.180
12	1	22	14	0.37963	0.444	0.278	0.222	0.139	0.417	0.639	0.417	0.556	0.389	0.361	0.389	0.306
12	1	24	13	0.38514	0.405	0.189	0.243	0.108	0.432	0.568	0.459	0.541	0.405	0.541	0.405	0.324
12	1	20	25	0.32593	0.400	0.244	0.311	0.089	0.356	0.400	0.444	0.467	0.311	0.311	0.356	0.222
12	1	18	24	0.33135	0.571	0.167	0.357	0.048	0.333	0.381	0.405	0.452	0.405	0.333	0.286	0.238
12	1	26	11	0.37838	0.514	0.054	0.405	0.054	0.459	0.486	0.432	0.568	0.459	0.432	0.459	0.216
12	1	18	25	0.38760	0.395	0.186	0.442	0.070	0.442	0.535	0.535	0.419	0.372	0.535	0.419	0.302
12	1	26	24	0.33667	0.440	0.160	0.360	0.080	0.300	0.480	0.460	0.500	0.240	0.500	0.340	0.180
12	1	35	12	0.37234	0.511	0.149	0.319	0.128	0.489	0.660	0.553	0.511	0.255	0.426	0.340	0.128
12	1	30	12	0.34127	0.524	0.024	0.214	0.048	0.405	0.524	0.548	0.548	0.333	0.429	0.286	0.214
12	1	22	12	0.33578	0.529	0.059	0.206	0.059	0.324	0.471	0.647	0.412	0.382	0.471	0.324	0.147
12	1	24	12	0.35880	0.472	0.083	0.278	0.028	0.500	0.444	0.444	0.528	0.278	0.583	0.389	0.278
12	1	22	11	0.36616	0.606	0.121	0.273	0.091	0.303	0.485	0.485	0.515	0.424	0.424	0.364	0.303
12	1	27	12	0.42521	0.564	0.154	0.385	0.154	0.436	0.615	0.718	0.385	0.410	0.538	0.513	0.231
12	1	17	12	0.38506	0.448	0.207	0.241	0.103	0.276	0.517	0.724	0.586	0.310	0.483	0.517	0.207
12	1	34	24	0.34052	0.414	0.103	0.397	0.034	0.431	0.534	0.448	0.448	0.362	0.293	0.431	0.190
12	1	30	12	0.37897	0.571	0.143	0.190	0.095	0.333	0.524	0.548	0.643	0.310	0.524	0.500	0.167
12	1	32	24	0.35119	0.482	0.143	0.321	0.089	0.411	0.446	0.446	0.429	0.339	0.554	0.411	0.143
12	1	19	12	0.33602	0.516	0.065	0.290	0.097	0.355	0.419	0.581	0.645	0.387	0.355	0.258	0.065
12	1	28	12	0.44583	0.575	0.150	0.375	0.150	0.375	0.550	0.700	0.600	0.500	0.400	0.550	0.425
12	1	23	12	0.33571	0.486	0.143	0.400	0.086	0.314	0.371	0.486	0.400	0.229	0.514	0.400	0.200
12	1	15	12	0.36420	0.333	0.111	0.333	0.111	0.370	0.556	0.259	0.593	0.444	0.333	0.481	0.444
12	1	21	12	0.36111	0.424	0.091	0.242	0.061	0.424	0.697	0.576	0.455	0.242	0.424	0.485	0.212
12	1	19	11	0.34444	0.567	0.100	0.433	0.000	0.300	0.500	0.500	0.600	0.233	0.333	0.400	0.167
12	1	19	12	0.36559	0.484	0.161	0.258	0.097	0.419	0.548	0.452	0.516	0.387	0.355	0.516	0.194
12	1	19	12	0.33871	0.452	0.161	0.258	0.065	0.355	0.387	0.548	0.613	0.484	0.419	0.258	0.065
12	1	18	23	0.30894	0.268	0.146	0.341	0.122	0.268	0.512	0.390	0.463	0.317	0.366	0.268	0.244
12	1	20	13	0.37626	0.394	0.121	0.364	0.121	0.424	0.576	0.545	0.576	0.333	0.364	0.424	0.273
12	1	21	14	0.39524	0.514	0.171	0.343	0.114	0.514	0.400	0.429	0.571	0.486	0.543	0.314	0.343
12	1	30	12	0.40079	0.643	0.190	0.286	0.071	0.286	0.548	0.476	0.571	0.548	0.429	0.571	0.190
12	1	22	14	0.36111	0.500	0.167	0.278	0.139	0.389	0.444	0.639	0.444	0.361	0.361	0.417	0.194
12	1	16	12	0.33631	0.357	0.214	0.286	0.107	0.321	0.536	0.357	0.607	0.286	0.214	0.393	0.357
12	1	26	12	0.42105	0.632	0.079	0.447	0.079	0.447	0.500	0.605	0.553	0.474	0.447	0.526	0.263
12	1	23	12	0.36190	0.457	0.200	0.457	0.057	0.343	0.657	0.571	0.457	0.314	0.429	0.257	0.143
12	1	18	12	0.35556	0.533	0.100	0.400	0.100	0.233	0.633	0.433	0.500	0.333	0.333	0.467	0.200
12	1	18	11	0.31322	0.345	0.138	0.276	0.000	0.241	0.483	0.517	0.483	0.345	0.379	0.345	0.207
12	1	19	13	0.34375	0.500	0.125	0.125	0.125	0.438	0.438	0.438	0.531	0.312	0.438	0.438	0.219
12	1	30	14	0.43371	0.523	0.136	0.386	0.114	0.523	0.705	0.614	0.591	0.409	0.455	0.477	0.273
12	1	23	12	0.38095	0.514	0.200	0.314	0.143	0.429	0.629	0.629	0.400	0.371	0.429	0.400	0.114
12	1	25	12	0.33108	0.459	0.081	0.270	0.000	0.351	0.459	0.649	0.514	0.216	0.405	0.405	0.162
12	1	22	14	0.38194	0.528	0.083	0.444	0.083	0.444	0.611	0.500	0.611	0.417	0.333	0.361	0.167
12	1	23	23	0.31703	0.478	0.109	0.391	0.022	0.435	0.435	0.413	0.391	0.283	0.370	0.261	0.217
12	1	32	11	0.36047	0.442	0.093	0.349	0.047	0.302	0.605	0.488	0.674	0.302	0.442	0.442	0.140
12	1	25	11	0.38889	0.444	0.167	0.278	0.139	0.361	0.472	0.583	0.778	0.389	0.417	0.333	0.306
12	1	22	13	0.34524	0.343	0.171	0.343	0.114	0.429	0.514	0.371	0.429	0.286	0.457	0.457	0.229
12	1	23	13	0.39815	0.500	0.167	0.306	0.111	0.278	0.667	0.639	0.556	0.500	0.444	0.417	0.194
12	1	24	12	0.34259	0.444	0.167	0.417	0.028	0.417	0.361	0.417	0.556	0.333	0.361	0.472	0.139
12	1	26	12	0.39035	0.526	0.184	0.289	0.237	0.395	0.526	0.500	0.632	0.263	0.553	0.316	0.263
12	1	20	12	0.36719	0.469	0.125	0.312	0.062	0.469	0.469	0.469	0.562	0.438	0.406	0.438	0.188
12	1	19	12	0.35215	0.484	0.065	0.323	0.000	0.387	0.516	0.548	0.484	0.323	0.355	0.419	0.323
12	1	15	12	0.37963	0.444	0.148	0.370	0.148	0.296	0.481	0.556	0.593	0.296	0.556	0.481	0.185
12	1	21	13	0.34314	0.353	0.118	0.471	0.059	0.382	0.529	0.441	0.441	0.265	0.471	0.412	0.176
12	1	19	12	0.34409	0.419	0.194	0.355	0.065	0.419	0.387	0.387	0.581	0.387	0.452	0.355	0.129
12	1	18	23	0.31504	0.463	0.122	0.293	0.024	0.317	0.415	0.317	0.439	0.488	0.463	0.317	0.122
12	1	14	12	0.33654	0.385	0.154	0.500	0.154	0.231	0.538	0.346	0.423	0.423	0.308	0.346	0.231
12	1	22	23	0.31296	0.333	0.111	0.333	0.067	0.356	0.422	0.400	0.511	0.267	0.267	0.444	0.244
12	1	22	12	0.35049	0.588	0.059	0.353	0.059	0.265	0.559	0.294	0.471	0.294	0.618	0.441	0.206
12	1	16	12	0.29167	0.536	0.071	0.250	0.000	0.214	0.500	0.321	0.536	0.214	0.393	0.286	0.179
12	1	31	24	0.37879	0.582	0.109	0.327	0.164	0.400	0.582	0.509	0.491	0.418	0.364	0.382	0.218
12	1	28	14	0.41071	0.500	0.119	0.310	0.048	0.452	0.595	0.548	0.548	0.333	0.714	0.452	0.310
12	1	24	25	0.36905	0.510	0.184	0.367	0.102	0.347	0.551	0.490	0.633	0.245	0.408	0.429	0.163
12	1	24	13	0.41892	0.459	0.135	0.541	0.108	0.405	0.622	0.514	0.541	0.297	0.622	0.514	0.270
12	1	21	11	0.36719	0.531	0.188	0.344	0.125	0.281	0.656	0.531	0.469	0.344	0.344	0.406	0.188
12	1	23	12	0.36905	0.400	0.171	0.429	0.057	0.400	0.571	0.486	0.657	0.314	0.371	0.314	0.257
12	1	30	12	0.41865	0.524	0.048	0.405	0.119	0.571	0.452	0.619	0.643	0.429	0.452	0.500	0.262
12	1	24	13	0.42342	0.486	0.351	0.405	0.135	0.324	0.568	0.568	0.730	0.324	0.432	0.568	0.189
12	1	21	12	0.36869	0.394	0.152	0.394	0.091	0.273	0.576	0.515	0.667	0.303	0.545	0.303	0.212
12	1	29	12	0.34959	0.463	0.098	0.366	0.024	0.366	0.659	0.415	0.415	0.293	0.366	0.390	0.341
12	1	17	12	0.31609	0.517	0.034	0.207	0.103	0.379	0.414	0.517	0.448	0.241	0.448	0.379	0.103
12	1	20	12	0.34896	0.438	0.094	0.281	0.031	0.406	0.531	0.438	0.406	0.438	0.469	0.344	0.312
12	1	22	14	0.30556	0.444	0.111	0.250	0.056	0.306	0.500	0.417	0.583	0.250	0.361	0.139	0.250
12	1	20	12	0.34375	0.406	0.125	0.406	0.125	0.250	0.625	0.594	0.438	0.344	0.281	0.438	0.094
12	1	18	13	0.33065	0.516	0.129	0.290	0.161	0.290	0.419	0.452	0.581	0.290	0.387	0.258	0.194
12	1	28	23	0.35784	0.451	0.196	0.333	0.137	0.333	0.549	0.510	0.412	0.314	0.471	0.333	0.255
12	1	25	12	0.39640	0.568	0.270	0.324	0.162	0.405	0.568	0.432	0.568	0.216	0.595	0.405	0.243
12	1	24	23	0.30496	0.404	0.043	0.362	0.064	0.298	0.468	0.340	0.489	0.234	0.362	0.447	0.149
12	1	29	11	0.43958	0.600	0.075	0.400	0.125	0.425	0.675	0.700	0.525	0.450	0.575	0.425	0.300
12	1	28	24	0.37179	0.577	0.173	0.288	0.096	0.365	0.538	0.500	0.500	0.327	0.462	0.442	0.192
12	1	21	25	0.31884	0.478	0.109	0.304	0.043	0.283	0.457	0.391	0.457	0.304	0.457	0.239	0.304
12	1	30	12	0.37302	0.476	0.167	0.238	0.071	0.476	0.524	0.452	0.595	0.357	0.500	0.357	0.262
12	1	23	12	0.37143	0.571	0.029	0.257	0.057	0.343	0.600	0.486	0.714	0.400	0.457	0.371	0.171
12	1	20	11	0.33065	0.484	0.161	0.387	0.000	0.355	0.419	0.484	0.452	0.258	0.290	0.484	0.194
12	1	31	11	0.39881	0.571	0.119	0.381	0.048	0.476	0.571	0.667	0.571	0.333	0.452	0.333	0.262
12	1	32	14	0.40580	0.522	0.152	0.304	0.087	0.522	0.630	0.522	0.609	0.304	0.478	0.435	0.304
12	1	14	24	0.33991	0.368	0.158	0.368	0.053	0.289	0.579	0.395	0.474	0.342	0.474	0.342	0.237
12	1	28	13	0.38211	0.415	0.171	0.512	0.073	0.488	0.512	0.561	0.610	0.341	0.439	0.341	0.122
12	1	20	12	0.33594	0.594	0.125	0.250	0.031	0.406	0.438	0.438	0.469	0.219	0.531	0.344	0.188
12	1	19	25	0.35795	0.455	0.227	0.409	0.091	0.386	0.545	0.409	0.455	0.341	0.364	0.432	0.182
12	1	33	13	0.34601	0.565	0.065	0.304	0.043	0.304	0.543	0.500	0.457	0.326	0.522	0.326	0.196
12	1	22	11	0.36364	0.545	0.061	0.364	0.121	0.333	0.485	0.515	0.455	0.455	0.333	0.455	0.242
12	1	29	25	0.37346	0.463	0.111	0.370	0.093	0.352	0.519	0.537	0.537	0.407	0.537	0.370	0.185
12	1	24	11	0.36905	0.486	0.114	0.343	0.086	0.371	0.571	0.457	0.514	0.371	0.371	0.486	0.257
12	1	32	13	0.39630	0.467	0.133	0.333	0.156	0.467	0.489	0.556	0.600	0.422	0.422	0.422	0.289
12	1	27	12	0.37607	0.436	0.077	0.308	0.051	0.359	0.615	0.538	0.615	0.308	0.487	0.410	0.308
12	1	19	11	0.38056	0.467	0.133	0.300	0.033	0.333	0.467	0.600	0.600	0.400	0.500	0.467	0.267
12	1	18	12	0.33056	0.433	0.200	0.433	0.000	0.233	0.467	0.433	0.467	0.267	0.567	0.333	0.133
12	1	28	13	0.37195	0.341	0.146	0.415	0.122	0.390	0.537	0.463	0.512	0.439	0.488	0.390	0.220
12	1	33	13	0.40761	0.500	0.152	0.391	0.130	0.391	0.696	0.522	0.609	0.348	0.457	0.370	0.326
12	1	16	23	0.37179	0.333	0.179	0.359	0.205	0.410	0.436	0.462	0.513	0.385	0.564	0.487	0.128
12	1	25	12	0.35360	0.622	0.162	0.324	0.000	0.351	0.541	0.432	0.541	0.297	0.486	0.324	0.162
12	1	21	13	0.38235	0.618	0.206	0.412	0.088	0.441	0.441	0.500	0.412	0.382	0.441	0.500	0.147
12	1	31	12	0.35465	0.372	0.140	0.395	0.023	0.512	0.558	0.395	0.442	0.302	0.535	0.395	0.186
12	1	23	11	0.40686	0.471	0.176	0.441	0.059	0.382	0.588	0.529	0.588	0.382	0.588	0.471	0.206
12	1	21	12	0.38131	0.515	0.061	0.273	0.121	0.364	0.515	0.606	0.485	0.394	0.455	0.485	0.303
12	1	18	11	0.37931	0.552	0.276	0.379	0.034	0.345	0.414	0.517	0.552	0.414	0.345	0.483	0.241
12	1	32	11	0.43023	0.605	0.186	0.395	0.140	0.326	0.628	0.581	0.581	0.488	0.488	0.488	0.256
12	1	17	12	0.31322	0.483	0.034	0.138	0.103	0.310	0.586	0.552	0.517	0.379	0.241	0.345	0.069
12	1	26	12	0.37719	0.553	0.158	0.184	0.158	0.368	0.632	0.474	0.553	0.342	0.500	0.395	0.211
12	1	29	12	0.38008	0.463	0.244	0.293	0.098	0.366	0.610	0.610	0.537	0.244	0.512	0.390	0.195
