4	4	5	3	0.15625	 0.125  0.125  0.25   0.125
4	4	5	3	0.06250	 0.125  0.     0.125  0.   
4	4	4	3	0.07143	 0.     0.     0.286  0.   
4	4	6	4	0.15000	 0.2  0.1  0.3  0. 
4	4	4	3	0.14286	 0.143  0.286  0.     0.143
4	4	6	4	0.17500	 0.3  0.1  0.3  0. 
4	4	6	3	0.13889	 0.     0.111  0.333  0.111
4	4	5	3	0.21875	 0.375  0.25   0.125  0.125
4	4	4	3	0.00000	 0.  0.  0.  0.
4	4	4	3	0.10714	 0.143  0.143  0.     0.143
4	4	5	3	0.18750	 0.125  0.125  0.375  0.125
4	4	4	3	0.10714	 0.143  0.     0.143  0.143
4	4	6	3	0.25000	 0.222  0.222  0.333  0.222
4	4	4	3	0.10714	 0.     0.     0.429  0.   
4	4	6	3	0.13889	 0.     0.222  0.111  0.222
4	4	4	4	0.06250	 0.125  0.     0.125  0.   
4	4	4	3	0.10714	 0.     0.143  0.143  0.143
4	4	4	3	0.03571	 0.     0.     0.143  0.   
4	4	5	3	0.15625	 0.125  0.125  0.25   0.125
4	4	6	4	0.20000	 0.3  0.1  0.3  0.1
4	4	5	4	0.13889	 0.333  0.     0.222  0.   
4	4	4	3	0.14286	 0.     0.286  0.143  0.143
4	4	5	4	0.22222	 0.222  0.111  0.222  0.333
4	4	4	3	0.00000	 0.  0.  0.  0.
4	4	6	4	0.15000	 0.   0.3  0.   0.3
4	4	4	3	0.10714	 0.143  0.     0.286  0.   
4	4	4	3	0.07143	 0.     0.143  0.     0.143
4	4	4	3	0.00000	 0.  0.  0.  0.
4	4	5	7	0.20833	 0.083  0.333  0.25   0.167
4	4	4	3	0.07143	 0.143  0.     0.143  0.   
4	4	5	4	0.16667	 0.222  0.111  0.222  0.111
4	4	4	3	0.07143	 0.     0.     0.286  0.   
4	4	4	3	0.17857	 0.     0.286  0.143  0.286
4	4	5	4	0.08333	 0.111  0.     0.111  0.111
4	4	4	3	0.03571	 0.143  0.     0.     0.   
4	4	4	4	0.03125	 0.125  0.     0.     0.   
4	4	4	3	0.07143	 0.143  0.143  0.     0.   
4	4	5	3	0.18750	 0.25   0.125  0.25   0.125
4	4	5	3	0.21875	 0.25   0.25   0.125  0.25 
4	4	4	4	0.12500	 0.     0.125  0.25   0.125
4	4	5	3	0.18750	 0.25   0.125  0.125  0.25 
4	4	4	3	0.10714	 0.143  0.143  0.     0.143
4	4	4	3	0.10714	 0.143  0.143  0.     0.143
4	4	4	3	0.07143	 0.143  0.     0.     0.143
4	4	5	3	0.06250	 0.125  0.     0.     0.125
4	4	5	4	0.22222	 0.     0.444  0.111  0.333
4	4	5	4	0.16667	 0.111  0.222  0.222  0.111
4	4	4	3	0.03571	 0.     0.     0.143  0.   
4	4	5	3	0.12500	 0.125  0.     0.25   0.125
4	4	4	3	0.07143	 0.     0.143  0.143  0.   
4	4	4	3	0.00000	 0.  0.  0.  0.
4	4	4	3	0.00000	 0.  0.  0.  0.
4	4	4	3	0.10714	 0.     0.143  0.143  0.143
4	4	6	3	0.22222	 0.333  0.222  0.222  0.111
4	4	4	3	0.10714	 0.143  0.     0.286  0.   
4	4	4	3	0.07143	 0.143  0.143  0.     0.   
4	4	4	3	0.03571	 0.     0.     0.143  0.   
4	4	4	3	0.14286	 0.286  0.143  0.143  0.   
4	4	4	3	0.00000	 0.  0.  0.  0.
4	4	4	4	0.03125	 0.125  0.     0.     0.   
4	4	4	3	0.07143	 0.143  0.     0.143  0.   
4	4	4	3	0.03571	 0.     0.     0.143  0.   
4	4	4	3	0.07143	 0.143  0.     0.143  0.   
4	4	5	3	0.06250	 0.25  0.    0.    0.  
4	4	6	3	0.22222	 0.444  0.222  0.     0.222
4	4	4	3	0.03571	 0.     0.     0.143  0.   
4	4	5	3	0.18750	 0.125  0.25   0.125  0.25 
4	4	6	3	0.05556	 0.     0.     0.222  0.   
4	4	4	4	0.12500	 0.125  0.     0.375  0.   
4	4	4	4	0.15625	 0.125  0.125  0.25   0.125
4	4	4	4	0.06250	 0.125  0.     0.125  0.   
4	4	5	4	0.22222	 0.     0.333  0.222  0.333
4	4	6	3	0.22222	 0.333  0.111  0.333  0.111
4	4	4	3	0.03571	 0.     0.143  0.     0.   
4	4	5	3	0.06250	 0.125  0.     0.125  0.   
4	4	4	3	0.03571	 0.     0.     0.143  0.   
4	4	4	4	0.18750	 0.25   0.25   0.125  0.125
4	4	4	3	0.03571	 0.143  0.     0.     0.   
4	4	4	3	0.10714	 0.143  0.143  0.     0.143
4	4	5	3	0.06250	 0.125  0.     0.125  0.   
4	4	4	3	0.07143	 0.143  0.     0.143  0.   
4	4	4	3	0.10714	 0.143  0.143  0.     0.143
4	4	5	3	0.09375	 0.125  0.     0.25   0.   
4	4	4	5	0.19444	 0.222  0.222  0.111  0.222
4	4	4	4	0.21875	 0.25   0.125  0.5    0.   
4	4	4	4	0.09375	 0.25   0.     0.     0.125
4	4	4	3	0.07143	 0.143  0.     0.     0.143
4	4	5	4	0.08333	 0.     0.111  0.111  0.111
4	4	4	3	0.00000	 0.  0.  0.  0.
4	4	5	4	0.16667	 0.111  0.333  0.111  0.111
4	4	4	3	0.07143	 0.143  0.     0.143  0.   
4	4	4	3	0.10714	 0.286  0.     0.143  0.   
4	4	4	3	0.00000	 0.  0.  0.  0.
4	4	4	4	0.09375	 0.     0.     0.25   0.125
4	4	5	3	0.15625	 0.125  0.125  0.125  0.25 
4	4	4	3	0.10714	 0.143  0.143  0.143  0.   
4	4	5	3	0.12500	 0.25  0.    0.25  0.  
4	4	6	7	0.19231	 0.231  0.077  0.308  0.154
4	4	4	3	0.00000	 0.  0.  0.  0.
4	4	4	3	0.10714	 0.286  0.     0.143  0. 
4	4	5	3	0.18750	 0.25   0.     0.125  0.375
4	4	14	6	0.33750	 0.2   0.1   0.25  0.8 
4	4	5	3	0.18750	 0.     0.     0.375  0.375
4	4	5	7	0.27083	 0.25   0.25   0.25   0.333
4	4	4	3	0.17857	 0.286  0.143  0.143  0.143
4	4	5	3	0.21875	 0.25   0.25   0.25   0.125
4	4	6	3	0.13889	 0.222  0.     0.111  0.222
4	4	5	4	0.33333	 0.556  0.222  0.333  0.222
4	4	4	3	0.07143	 0.143  0.143  0.     0.   
4	4	4	4	0.34375	 0.     0.5    0.5    0.375
4	4	5	4	0.13889	 0.556  0.     0.     0.   
4	4	4	3	0.00000	 0.  0.  0.  0.
4	4	4	3	0.17857	 0.143  0.143  0.429  0.   
4	4	6	3	0.30556	 0.444  0.333  0.222  0.222
4	4	4	3	0.17857	 0.143  0.143  0.286  0.143
4	4	5	3	0.15625	 0.25   0.     0.375  0.   
4	4	4	3	0.25000	 0.429  0.286  0.286  0.   
4	4	4	3	0.03571	 0.143  0.     0.     0.   
4	4	5	3	0.21875	 0.     0.375  0.125  0.375
4	4	4	3	0.17857	 0.286  0.     0.286  0.143
4	4	4	3	0.07143	 0.143  0.     0.143  0.   
4	4	4	3	0.07143	 0.286  0.     0.     0.   
4	4	4	3	0.00000	 0.  0.  0.  0.
4	4	4	4	0.12500	 0.25   0.125  0.125  0.   
4	4	5	3	0.12500	 0.125  0.125  0.25   0.   
4	4	4	3	0.03571	 0.     0.143  0.     0.   
4	4	6	3	0.13889	 0.444  0.     0.111  0.   
4	4	4	3	0.14286	 0.143  0.     0.286  0.143
4	4	8	3	0.20455	 0.182  0.273  0.273  0.091
4	4	5	3	0.18750	 0.    0.    0.5   0.25
4	4	4	4	0.21875	 0.25   0.25   0.375  0.   
4	4	6	7	0.11538	 0.308  0.     0.154  0.   
4	4	5	4	0.27778	 0.667  0.111  0.333  0.   
4	4	4	4	0.15625	 0.5    0.     0.125  0.   
4	4	4	3	0.17857	 0.     0.286  0.286  0.143
4	4	4	4	0.09375	 0.375  0.     0.     0.   
4	4	8	4	0.41667	 0.667  0.333  0.417  0.25 
4	4	5	6	0.18182	 0.364  0.091  0.182  0.091
4	4	5	5	0.17500	 0.5  0.2  0.   0. 
4	4	4	4	0.18750	 0.25   0.125  0.25   0.125
4	4	6	3	0.19444	 0.333  0.222  0.222  0.   
4	4	5	5	0.27500	 0.3  0.2  0.4  0.2
4	4	8	4	0.31250	 0.5   0.25  0.5   0.  
4	4	4	3	0.00000	 0.  0.  0.  0.
4	4	5	4	0.19444	 0.444  0.222  0.     0.111
4	4	4	3	0.21429	 0.286  0.143  0.286  0.143
4	4	5	3	0.09375	 0.     0.25   0.     0.125
4	4	7	3	0.35000	 0.4  0.5  0.3  0.2
4	4	6	3	0.22222	 0.444  0.222  0.111  0.111
4	4	5	3	0.25000	 0.25  0.25  0.25  0.25
4	4	5	7	0.20833	 0.25   0.167  0.25   0.167
4	4	5	3	0.15625	 0.25   0.     0.375  0.   
4	4	6	3	0.13889	 0.222  0.     0.111  0.222
4	4	6	3	0.13889	 0.     0.111  0.222  0.222
4	4	4	7	0.13636	 0.091  0.182  0.091  0.182
4	4	4	4	0.03125	 0.125  0.     0.     0.   
4	4	4	3	0.07143	 0.     0.     0.143  0.143
4	4	5	3	0.31250	 0.375  0.5    0.125  0.25 
4	4	4	4	0.21875	 0.375  0.25   0.25   0.   
4	4	6	3	0.25000	 0.222  0.222  0.222  0.333
4	4	5	5	0.27500	 0.2  0.5  0.2  0.2
4	4	9	4	0.25000	 0.154  0.615  0.154  0.077
4	4	6	5	0.25000	 0.182  0.455  0.273  0.091
4	4	5	6	0.40909	 0.455  0.636  0.364  0.182
4	4	5	4	0.16667	 0.     0.444  0.222  0.   
4	4	4	4	0.28125	 0.375  0.5    0.125  0.125
4	4	5	5	0.30000	 0.2  0.5  0.4  0.1
4	4	4	5	0.33333	 0.444  0.556  0.222  0.111
4	4	4	4	0.12500	 0.25   0.     0.125  0.125
4	4	6	3	0.19444	 0.222  0.333  0.111  0.111
4	4	6	5	0.27273	 0.182  0.364  0.455  0.091
4	4	5	9	0.32143	 0.071  0.714  0.429  0.071
4	4	6	8	0.26786	 0.214  0.5    0.286  0.071
4	4	5	3	0.34375	 0.375  0.375  0.375  0.25 
4	4	6	4	0.20000	 0.2  0.3  0.3  0. 
4	4	7	7	0.37500	 0.071  0.571  0.429  0.429
4	4	45	20	0.42692	 0.185  0.431  0.169  0.923
4	4	8	5	0.26923	 0.077  0.231  0.077  0.692
4	4	5	4	0.33333	 0.333  0.222  0.222  0.556
4	4	4	4	0.12500	 0.125  0.125  0.25   0.   
4	4	10	3	0.42308	 0.077  0.538  0.538  0.538
4	4	7	5	0.25000	 0.167  0.417  0.167  0.25 
4	4	4	5	0.25000	 0.111  0.333  0.333  0.222
4	4	8	8	0.32812	 0.062  0.5    0.375  0.375
4	4	6	28	0.30147	 0.029  0.206  0.176  0.794
4	4	7	10	0.22059	 0.     0.118  0.176  0.588
4	4	10	12	0.29545	 0.091  0.091  0.273  0.727
4	4	5	7	0.41667	 0.167  0.417  0.5    0.583
4	4	5	4	0.22222	 0.111  0.222  0.333  0.222
4	4	12	7	0.28947	 0.105  0.579  0.158  0.316
4	4	4	9	0.21154	 0.231  0.462  0.154  0.   
4	4	6	4	0.25000	 0.1  0.8  0.1  0. 
4	4	5	9	0.37500	 0.643  0.429  0.143  0.286
4	4	8	7	0.40000	 0.133  0.533  0.2    0.733
4	4	25	11	0.30556	 0.111  0.889  0.056  0.167
4	4	24	15	0.40385	 0.462  0.795  0.154  0.205
4	4	9	7	0.45312	 0.5    0.562  0.312  0.438
4	4	10	12	0.42045	 0.     0.818  0.182  0.682
4	4	30	8	0.59211	 0.079  0.895  0.526  0.868
4	4	8	14	0.42045	 0.182  0.682  0.273  0.545
4	4	6	4	0.12500	0.100	0.000	0.100	0.300
4	4	5	4	0.08333	0.222	0.000	0.111	0.000
4	4	5	3	0.15625	0.250	0.125	0.125	0.125
4	4	4	4	0.21875	0.375	0.125	0.125	0.250
4	4	6	3	0.25000	0.444	0.000	0.333	0.222
4	4	4	3	0.03571	0.000	0.000	0.143	0.000
4	4	4	4	0.12500	0.125	0.000	0.250	0.125
4	4	6	4	0.17500	0.200	0.000	0.400	0.100
4	4	4	4	0.21875	0.125	0.125	0.375	0.250
4	4	4	5	0.11111	0.222	0.000	0.111	0.111
4	4	4	3	0.17857	0.143	0.000	0.143	0.429
4	4	8	4	0.18750	0.250	0.083	0.167	0.250
4	4	5	4	0.25000	0.333	0.000	0.222	0.444
4	4	4	4	0.12500	0.250	0.000	0.250	0.000
4	4	5	3	0.12500	0.250	0.125	0.125	0.000
4	4	5	4	0.19444	0.111	0.333	0.111	0.222
4	4	7	3	0.37500	0.300	0.500	0.400	0.300
4	4	5	3	0.18750	0.250	0.000	0.125	0.375
4	4	5	8	0.21154	0.231	0.154	0.154	0.308
4	4	4	4	0.21875	0.375	0.000	0.125	0.375
4	4	5	4	0.30556	0.333	0.222	0.333	0.333
4	4	6	5	0.40909	0.455	0.273	0.455	0.455
4	4	4	4	0.06250	0.000	0.000	0.250	0.000
4	4	6	3	0.13889	0.111	0.000	0.333	0.111
4	4	6	4	0.15000	0.100	0.000	0.200	0.300
4	4	6	6	0.25000	0.167	0.250	0.167	0.417
4	4	6	3	0.16667	0.000	0.000	0.333	0.333
4	4	6	3	0.19444	0.111	0.000	0.333	0.333
4	4	4	3	0.07143	0.000	0.000	0.143	0.143
4	4	5	4	0.11111	0.111	0.000	0.333	0.000
4	4	5	4	0.27778	0.222	0.111	0.444	0.333
4	4	4	5	0.16667	0.000	0.000	0.444	0.222
4	4	4	11	0.28333	0.133	0.267	0.533	0.200
4	4	6	8	0.23214	0.071	0.000	0.786	0.071
4	4	9	6	0.33333	0.133	0.200	0.600	0.400
4	4	4	3	0.10714	0.000	0.000	0.286	0.143
4	4	9	4	0.26923	0.077	0.077	0.538	0.385
4	4	8	11	0.28947	0.105	0.000	0.737	0.316
4	4	5	4	0.19444	0.222	0.111	0.333	0.111
4	4	6	4	0.20000	0.000	0.100	0.500	0.200
4	4	7	5	0.29167	0.250	0.000	0.583	0.333
4	4	6	5	0.29545	0.091	0.091	0.636	0.364
4	4	7	3	0.30000	0.300	0.300	0.400	0.200
4	4	6	4	0.25000	0.300	0.100	0.300	0.300
4	4	5	6	0.34091	0.182	0.182	0.636	0.364
4	4	5	8	0.38462	0.154	0.308	0.615	0.462
4	4	13	6	0.42105	0.316	0.263	0.737	0.368
4	4	5	4	0.25000	0.222	0.222	0.333	0.222
4	4	8	4	0.33333	0.167	0.167	0.667	0.333
4	4	5	4	0.27778	0.222	0.111	0.444	0.333
4	4	4	4	0.25000	0.125	0.125	0.375	0.375
4	4	6	4	0.27500	0.500	0.200	0.400	0.000
4	4	5	3	0.12500	0.125	0.000	0.375	0.000
4	4	4	3	0.10714	0.286	0.000	0.000	0.143
4	4	7	5	0.31250	0.083	0.167	0.667	0.333
4	4	4	5	0.19444	0.111	0.111	0.444	0.111
4	4	7	8	0.28333	0.067	0.067	0.733	0.267
4	4	7	10	0.32353	0.118	0.118	0.765	0.294
4	4	6	5	0.31818	0.273	0.091	0.727	0.182
4	4	4	8	0.18750	0.083	0.083	0.417	0.167
4	4	6	5	0.29545	0.182	0.545	0.273	0.182
4	4	5	8	0.23077	0.000	0.462	0.154	0.308
4	4	4	28	0.34375	0.125	0.812	0.156	0.281
4	4	5	3	0.18750	0.000	0.250	0.000	0.500
4	4	4	3	0.07143	0.000	0.000	0.143	0.143
4	4	4	5	0.19444	0.222	0.222	0.111	0.222
4	4	4	3	0.03571	0.143	0.000	0.000	0.000
4	4	5	3	0.15625	0.250	0.125	0.125	0.125
4	4	6	4	0.12500	0.000	0.100	0.100	0.300
4	4	59	8	0.38060	0.060	0.239	0.269	0.955
4	4	13	21	0.31618	0.029	0.118	0.176	0.941
4	4	18	10	0.34821	0.071	0.286	0.143	0.893
4	4	8	24	0.26562	0.062	0.000	0.094	0.906
4	4	23	10	0.35606	0.121	0.212	0.182	0.909
4	4	45	63	0.33102	0.074	0.157	0.130	0.963
4	4	5	26	0.32258	0.065	0.194	0.129	0.903
4	4	44	135	0.31564	0.061	0.095	0.134	0.972
4	4	5	10	0.26667	0.067	0.067	0.067	0.867
4	4	25	5	0.36667	0.100	0.200	0.300	0.867
4	4	13	65	0.36218	0.141	0.154	0.205	0.949
4	4	4	22	0.33654	0.077	0.231	0.154	0.885
4	4	32	42	0.33784	0.068	0.149	0.162	0.973
4	4	75	30	0.30714	0.048	0.067	0.152	0.962
4	4	4	5	0.19444	0.111	0.111	0.222	0.333
4	4	4	3	0.03571	0.000	0.000	0.143	0.000
4	4	6	4	0.25000	0.100	0.100	0.200	0.600
4	4	5	7	0.31250	0.083	0.333	0.500	0.333
4	4	427	152	0.33808	0.062	0.142	0.152	0.997
4	4	41	74	0.31522	0.052	0.122	0.122	0.965
4	4	26	15	0.29268	0.024	0.073	0.122	0.951
4	4	24	58	0.34451	0.061	0.171	0.183	0.963
4	4	55	19	0.37162	0.095	0.203	0.257	0.932
4	4	11	5	0.26562	0.125	0.062	0.125	0.750
4	4	15	9	0.25000	0.000	0.208	0.083	0.708
4	4	9	16	0.28000	0.080	0.040	0.080	0.920
4	4	7	12	0.26316	0.053	0.105	0.211	0.684
4	4	5	35	0.25625	0.025	0.100	0.100	0.800
4	4	8	5	0.28846	0.077	0.154	0.154	0.769
4	4	10	7	0.25000	0.000	0.118	0.118	0.765
4	4	13	39	0.32212	0.096	0.115	0.115	0.962
4	4	10	7	0.38235	0.176	0.353	0.235	0.765
4	4	25	7	0.29688	0.094	0.094	0.094	0.906
4	4	14	6	0.25000	0.000	0.100	0.150	0.750
4	4	14	33	0.32979	0.085	0.170	0.149	0.915
4	4	14	16	0.30000	0.100	0.100	0.133	0.867
4	4	12	10	0.32955	0.045	0.273	0.136	0.864
4	4	13	4	0.29412	0.059	0.353	0.118	0.647
4	4	5	3	0.18750	0.000	0.250	0.125	0.375
4	4	4	3	0.14286	0.000	0.000	0.143	0.429
4	4	7	12	0.26316	0.000	0.053	0.421	0.579
4	4	8	4	0.41667	0.250	0.500	0.417	0.500
4	4	4	5	0.19444	0.111	0.111	0.222	0.333
4	4	5	3	0.06250	0.000	0.000	0.125	0.125
4	4	4	3	0.00000	0.000	0.000	0.000	0.000
4	4	9	4	0.23077	0.077	0.154	0.231	0.462
4	4	4	3	0.14286	0.143	0.143	0.143	0.143
4	4	6	5	0.22727	0.091	0.000	0.364	0.455
4	4	13	3	0.28125	0.125	0.125	0.250	0.625
4	4	4	8	0.16667	0.083	0.167	0.083	0.333
4	4	4	4	0.15625	0.000	0.125	0.250	0.250
4	4	6	3	0.27778	0.222	0.111	0.222	0.556
4	4	5	4	0.22222	0.111	0.111	0.222	0.444
4	4	5	4	0.19444	0.111	0.111	0.222	0.333
4	4	118	138	0.33008	0.125	0.062	0.148	0.984
4	4	6	3	0.27778	0.222	0.222	0.444	0.222
4	4	5	3	0.21875	0.250	0.125	0.250	0.250
4	4	8	3	0.20455	0.182	0.000	0.273	0.364
4	4	4	3	0.14286	0.143	0.000	0.143	0.286
4	4	5	4	0.25000	0.111	0.222	0.556	0.111
4	4	4	3	0.00000	0.000	0.000	0.000	0.000
4	4	4	4	0.15625	0.250	0.000	0.250	0.125
4	4	4	3	0.07143	0.000	0.000	0.143	0.143
4	4	4	5	0.22222	0.111	0.222	0.222	0.333
4	4	5	3	0.18750	0.125	0.125	0.250	0.250
4	4	4	3	0.03571	0.000	0.143	0.000	0.000
4	4	5	3	0.09375	0.125	0.250	0.000	0.000
4	4	5	8	0.40385	0.385	0.308	0.308	0.615
4	4	4	4	0.09375	0.000	0.000	0.125	0.250
4	4	5	3	0.12500	0.250	0.000	0.250	0.000
4	4	4	3	0.21429	0.143	0.143	0.286	0.286
4	4	7	4	0.25000	0.182	0.364	0.182	0.273
4	4	4	4	0.28125	0.250	0.250	0.250	0.375
4	4	4	3	0.07143	0.000	0.000	0.143	0.143
4	4	5	3	0.25000	0.375	0.250	0.125	0.250
4	4	6	3	0.16667	0.111	0.111	0.222	0.222
4	4	5	3	0.06250	0.125	0.000	0.000	0.125
4	4	6	3	0.16667	0.111	0.222	0.000	0.333
4	4	4	4	0.12500	0.125	0.000	0.250	0.125
4	4	5	9	0.25000	0.143	0.143	0.500	0.214
4	4	5	4	0.25000	0.222	0.111	0.556	0.111
4	4	6	3	0.13889	0.111	0.111	0.222	0.111
4	4	8	3	0.22727	0.182	0.364	0.273	0.091
4	4	4	5	0.22222	0.222	0.222	0.222	0.222
4	4	6	3	0.11111	0.222	0.000	0.111	0.111
4	4	5	4	0.22222	0.111	0.111	0.111	0.556
4	4	5	4	0.16667	0.111	0.222	0.111	0.222
4	4	4	4	0.09375	0.125	0.000	0.000	0.250
4	4	5	4	0.22222	0.222	0.111	0.000	0.556
4	4	4	3	0.17857	0.000	0.286	0.143	0.286
4	4	5	3	0.15625	0.125	0.000	0.125	0.375
4	4	5	4	0.30556	0.444	0.222	0.333	0.222
4	4	5	4	0.13889	0.222	0.111	0.111	0.111
4	4	5	7	0.33333	0.333	0.250	0.250	0.500
4	4	6	5	0.29545	0.273	0.273	0.273	0.364
4	4	4	3	0.07143	0.000	0.000	0.143	0.143
4	4	4	3	0.10714	0.000	0.000	0.286	0.143
4	4	6	5	0.25000	0.273	0.091	0.273	0.364
4	4	8	5	0.36538	0.385	0.308	0.231	0.538
4	4	4	4	0.03125	0.000	0.000	0.000	0.125
4	4	5	3	0.31250	0.250	0.500	0.250	0.250
4	4	8	3	0.25000	0.182	0.182	0.273	0.364
4	4	4	4	0.15625	0.250	0.125	0.125	0.125
4	4	5	3	0.09375	0.000	0.125	0.125	0.125
4	4	5	3	0.12500	0.125	0.125	0.125	0.125
4	4	6	4	0.47500	0.600	0.500	0.500	0.300
4	4	4	3	0.07143	0.000	0.143	0.143	0.000
4	4	4	3	0.21429	0.143	0.286	0.143	0.286
4	4	5	4	0.11111	0.111	0.000	0.000	0.333
4	4	5	3	0.25000	0.250	0.375	0.250	0.125
4	4	8	3	0.34091	0.273	0.545	0.091	0.455
4	4	6	3	0.19444	0.333	0.111	0.111	0.222
4	4	5	4	0.25000	0.222	0.222	0.333	0.222
4	4	4	3	0.17857	0.143	0.286	0.143	0.143
4	4	5	4	0.13889	0.111	0.222	0.111	0.111
4	4	4	7	0.09091	0.182	0.000	0.000	0.182
4	4	5	7	0.20833	0.083	0.167	0.250	0.333
4	4	4	4	0.03125	0.125	0.000	0.000	0.000
4	4	4	3	0.03571	0.000	0.000	0.000	0.143
4	4	5	4	0.11111	0.222	0.000	0.000	0.222
4	4	4	3	0.00000	0.000	0.000	0.000	0.000
4	4	4	3	0.07143	0.286	0.000	0.000	0.000
4	4	6	3	0.25000	0.444	0.111	0.111	0.333
4	4	4	3	0.00000	0.000	0.000	0.000	0.000
4	4	5	3	0.15625	0.000	0.000	0.000	0.625
4	4	5	4	0.16667	0.333	0.111	0.000	0.222
4	4	5	3	0.03125	0.000	0.000	0.000	0.125
4	4	4	3	0.00000	0.000	0.000	0.000	0.000
4	4	5	3	0.15625	0.125	0.000	0.125	0.375
4	4	6	3	0.13889	0.111	0.333	0.111	0.000
4	4	5	3	0.21875	0.375	0.125	0.125	0.250
4	4	4	3	0.10714	0.143	0.000	0.000	0.286
4	4	4	3	0.07143	0.000	0.000	0.143	0.143
4	4	5	3	0.12500	0.125	0.125	0.125	0.125
4	4	4	3	0.14286	0.286	0.000	0.000	0.286
4	4	5	3	0.12500	0.375	0.000	0.000	0.125
4	4	4	4	0.12500	0.125	0.125	0.000	0.250
4	4	4	3	0.07143	0.143	0.000	0.000	0.143
4	4	5	4	0.16667	0.111	0.000	0.111	0.444
4	4	5	5	0.20000	0.200	0.200	0.100	0.300
4	4	4	4	0.03125	0.125	0.000	0.000	0.000
4	4	4	3	0.14286	0.286	0.143	0.000	0.143
4	4	5	7	0.14583	0.083	0.083	0.083	0.333
4	4	5	7	0.14583	0.083	0.083	0.083	0.333
4	4	5	3	0.25000	0.375	0.125	0.125	0.375
4	4	6	4	0.10000	0.200	0.000	0.000	0.200
4	4	4	3	0.03571	0.000	0.000	0.000	0.143
4	4	6	3	0.08333	0.111	0.000	0.000	0.222
4	4	5	3	0.06250	0.125	0.000	0.125	0.000
4	4	4	3	0.00000	0.000	0.000	0.000	0.000
4	4	5	4	0.16667	0.111	0.111	0.222	0.222
4	4	4	3	0.14286	0.286	0.143	0.000	0.143
4	4	4	3	0.10714	0.143	0.000	0.000	0.286
4	4	6	3	0.11111	0.000	0.000	0.111	0.333
4	4	6	3	0.08333	0.222	0.000	0.111	0.000
4	4	4	3	0.03571	0.000	0.000	0.143	0.000
4	4	5	4	0.22222	0.222	0.222	0.333	0.111
4	4	4	4	0.15625	0.250	0.000	0.125	0.250
4	4	4	3	0.14286	0.143	0.000	0.286	0.143
4	4	5	3	0.06250	0.125	0.000	0.000	0.125
4	4	4	4	0.09375	0.250	0.000	0.000	0.125
4	4	5	4	0.22222	0.444	0.000	0.111	0.333
4	4	4	3	0.03571	0.000	0.000	0.000	0.143
4	4	4	4	0.06250	0.125	0.125	0.000	0.000
4	4	6	3	0.25000	0.222	0.222	0.222	0.333
4	4	4	4	0.18750	0.000	0.125	0.250	0.375
4	4	5	3	0.15625	0.125	0.125	0.250	0.125
4	4	6	3	0.08333	0.111	0.000	0.000	0.222
4	4	4	4	0.06250	0.125	0.000	0.125	0.000
4	4	5	3	0.18750	0.125	0.125	0.125	0.375
4	4	4	4	0.09375	0.250	0.000	0.000	0.125
4	4	4	8	0.27083	0.500	0.250	0.083	0.250
4	4	4	3	0.14286	0.143	0.143	0.000	0.286
4	4	5	3	0.18750	0.125	0.000	0.250	0.375
4	4	7	3	0.20000	0.400	0.000	0.300	0.100
4	4	4	3	0.14286	0.143	0.000	0.143	0.286
4	4	4	3	0.14286	0.143	0.143	0.143	0.143
4	4	4	5	0.19444	0.444	0.111	0.111	0.111
4	4	5	3	0.18750	0.000	0.000	0.125	0.625
4	4	6	3	0.08333	0.111	0.000	0.222	0.000
4	4	4	6	0.20000	0.300	0.100	0.200	0.200
4	4	6	4	0.22500	0.400	0.100	0.100	0.300
4	4	6	3	0.16667	0.111	0.222	0.111	0.222
4	4	7	3	0.10000	0.100	0.000	0.000	0.300
4	4	5	3	0.15625	0.000	0.125	0.125	0.375
4	4	6	4	0.12500	0.200	0.000	0.000	0.300
4	4	5	3	0.09375	0.125	0.000	0.000	0.250
4	4	4	3	0.07143	0.143	0.000	0.000	0.143
4	4	5	3	0.12500	0.375	0.125	0.000	0.000
4	4	4	3	0.07143	0.286	0.000	0.000	0.000
4	4	4	3	0.00000	0.000	0.000	0.000	0.000
4	4	5	3	0.21875	0.250	0.250	0.125	0.250
4	4	5	4	0.22222	0.222	0.222	0.333	0.111
4	4	5	4	0.13889	0.222	0.111	0.111	0.111
4	4	4	7	0.13636	0.000	0.091	0.091	0.364
4	4	7	3	0.17500	0.200	0.100	0.100	0.300
4	4	5	3	0.06250	0.000	0.000	0.000	0.250
4	4	4	5	0.22222	0.111	0.222	0.222	0.333
4	4	6	3	0.16667	0.222	0.111	0.000	0.333
4	4	4	4	0.06250	0.125	0.000	0.125	0.000
4	4	7	4	0.25000	0.273	0.182	0.273	0.273
4	4	4	3	0.07143	0.143	0.143	0.000	0.000
4	4	4	4	0.09375	0.125	0.000	0.125	0.125
4	4	6	3	0.25000	0.000	0.333	0.333	0.333
4	4	4	3	0.07143	0.286	0.000	0.000	0.000
4	4	4	4	0.06250	0.250	0.000	0.000	0.000
4	4	6	3	0.22222	0.222	0.222	0.111	0.333
4	4	4	3	0.07143	0.143	0.143	0.000	0.000
4	4	4	3	0.07143	0.143	0.000	0.000	0.143
4	4	5	3	0.15625	0.125	0.250	0.125	0.125
4	4	4	3	0.10714	0.000	0.143	0.143	0.143
4	4	5	4	0.13889	0.111	0.000	0.222	0.222
4	4	4	3	0.14286	0.143	0.143	0.000	0.286
4	4	4	3	0.00000	0.000	0.000	0.000	0.000
4	4	5	3	0.15625	0.250	0.125	0.000	0.250
4	4	4	3	0.07143	0.143	0.000	0.000	0.143
4	4	6	5	0.25000	0.273	0.091	0.182	0.455
4	4	5	4	0.16667	0.222	0.222	0.111	0.111
4	4	4	3	0.03571	0.000	0.000	0.000	0.143
4	4	4	4	0.12500	0.250	0.000	0.000	0.250
4	4	4	3	0.14286	0.143	0.143	0.000	0.286
4	4	4	4	0.09375	0.125	0.000	0.000	0.250
4	4	5	3	0.15625	0.000	0.125	0.125	0.375
4	4	4	3	0.10714	0.000	0.000	0.143	0.286
4	4	5	3	0.12500	0.125	0.125	0.000	0.250
4	4	6	4	0.20000	0.200	0.100	0.100	0.400
4	4	5	3	0.12500	0.000	0.125	0.250	0.125
4	4	4	3	0.07143	0.000	0.143	0.000	0.143
4	4	4	3	0.00000	0.000	0.000	0.000	0.000
4	4	4	3	0.00000	0.000	0.000	0.000	0.000
4	4	4	7	0.11364	0.091	0.000	0.000	0.364
4	4	5	3	0.15625	0.250	0.000	0.000	0.375
4	4	5	3	0.15625	0.125	0.125	0.125	0.250
4	4	4	5	0.16667	0.333	0.000	0.000	0.333
4	4	5	3	0.21875	0.125	0.250	0.250	0.250
4	4	6	4	0.25000	0.100	0.300	0.300	0.300
4	4	7	4	0.25000	0.091	0.273	0.273	0.364
4	4	5	3	0.15625	0.125	0.125	0.250	0.125
4	4	4	3	0.00000	0.000	0.000	0.000	0.000
4	4	6	3	0.13889	0.333	0.000	0.111	0.111
4	4	5	3	0.12500	0.250	0.125	0.000	0.125
4	4	4	3	0.17857	0.286	0.143	0.143	0.143
4	4	4	3	0.03571	0.000	0.000	0.000	0.143
4	4	6	3	0.19444	0.222	0.111	0.111	0.333
4	4	4	4	0.09375	0.125	0.000	0.125	0.125
4	4	4	3	0.17857	0.286	0.143	0.143	0.143
4	4	5	3	0.12500	0.375	0.000	0.000	0.125
4	4	4	4	0.12500	0.125	0.125	0.125	0.125
4	4	5	3	0.25000	0.250	0.250	0.250	0.250
4	4	4	3	0.00000	0.000	0.000	0.000	0.000
4	4	4	4	0.09375	0.000	0.125	0.000	0.250
4	4	6	3	0.16667	0.111	0.111	0.111	0.333
4	4	4	4	0.18750	0.125	0.125	0.125	0.375
4	4	5	3	0.15625	0.125	0.125	0.125	0.250
4	4	5	8	0.19231	0.154	0.154	0.077	0.385
4	4	5	3	0.09375	0.125	0.000	0.125	0.125
4	4	5	4	0.16667	0.222	0.222	0.000	0.222
4	4	7	3	0.15000	0.300	0.000	0.000	0.300
4	4	4	3	0.03571	0.000	0.000	0.000	0.143
4	4	4	3	0.07143	0.000	0.000	0.000	0.286
4	4	5	3	0.12500	0.125	0.250	0.000	0.125
4	4	5	4	0.11111	0.222	0.000	0.000	0.222
4	4	4	3	0.14286	0.143	0.000	0.286	0.143
4	4	4	3	0.10714	0.143	0.000	0.000	0.286
4	4	5	4	0.16667	0.111	0.222	0.111	0.222
4	4	6	4	0.30000	0.300	0.300	0.300	0.300
4	4	4	3	0.10714	0.000	0.143	0.000	0.286
4	4	5	3	0.15625	0.125	0.250	0.125	0.125
4	4	4	4	0.09375	0.125	0.125	0.000	0.125
4	4	5	3	0.12500	0.250	0.125	0.000	0.125
4	4	4	3	0.00000	0.000	0.000	0.000	0.000
4	4	4	4	0.12500	0.000	0.000	0.125	0.375
4	4	5	3	0.18750	0.125	0.375	0.250	0.000
4	4	4	4	0.12500	0.125	0.000	0.250	0.125
4	4	4	7	0.20455	0.455	0.182	0.000	0.182
4	4	4	5	0.22222	0.111	0.333	0.222	0.222
4	4	5	3	0.12500	0.125	0.125	0.125	0.125
4	4	4	3	0.07143	0.286	0.000	0.000	0.000
4	4	4	3	0.07143	0.000	0.143	0.000	0.143
4	4	4	3	0.17857	0.143	0.286	0.143	0.143
4	4	5	4	0.33333	0.222	0.444	0.333	0.333
4	4	5	3	0.12500	0.000	0.125	0.125	0.250
4	4	5	4	0.25000	0.333	0.222	0.222	0.222
4	4	4	3	0.07143	0.000	0.000	0.000	0.286
4	4	4	3	0.14286	0.143	0.143	0.143	0.143
4	4	4	3	0.21429	0.286	0.000	0.143	0.429
4	4	4	4	0.15625	0.125	0.125	0.125	0.250
4	4	4	3	0.03571	0.000	0.000	0.000	0.143
4	4	6	3	0.19444	0.333	0.222	0.111	0.111
4	4	4	3	0.03571	0.000	0.000	0.000	0.143
4	4	5	3	0.21875	0.250	0.000	0.250	0.375
4	4	7	3	0.17500	0.100	0.300	0.200	0.100
4	4	4	4	0.18750	0.250	0.125	0.250	0.125
4	4	6	4	0.22500	0.400	0.200	0.100	0.200
4	4	5	5	0.20000	0.300	0.100	0.300	0.100
4	4	4	4	0.06250	0.000	0.000	0.250	0.000
4	4	4	4	0.09375	0.250	0.000	0.125	0.000
4	4	4	3	0.07143	0.000	0.000	0.143	0.143
4	4	5	4	0.13889	0.111	0.000	0.222	0.222
4	4	6	3	0.13889	0.111	0.000	0.111	0.333
4	4	5	4	0.16667	0.111	0.111	0.444	0.000
4	4	4	3	0.00000	0.000	0.000	0.000	0.000
4	4	6	3	0.19444	0.222	0.333	0.111	0.111
4	4	4	3	0.14286	0.286	0.000	0.000	0.286
4	4	4	4	0.18750	0.000	0.250	0.250	0.250
4	4	6	3	0.22222	0.111	0.222	0.222	0.333
4	4	4	3	0.07143	0.000	0.000	0.286	0.000
4	4	7	3	0.22500	0.100	0.200	0.300	0.300
4	4	6	3	0.19444	0.111	0.111	0.222	0.333
4	4	4	3	0.10714	0.143	0.000	0.143	0.143
4	4	4	4	0.15625	0.250	0.125	0.000	0.250
4	4	4	4	0.15625	0.250	0.000	0.125	0.250
4	4	4	3	0.17857	0.000	0.143	0.286	0.286
4	4	5	4	0.22222	0.222	0.222	0.222	0.222
4	4	5	3	0.09375	0.125	0.000	0.125	0.125
4	4	4	3	0.07143	0.000	0.000	0.143	0.143
4	4	5	3	0.21875	0.125	0.250	0.125	0.375
4	4	5	4	0.13889	0.333	0.000	0.111	0.111
4	4	4	4	0.21875	0.375	0.125	0.125	0.250
4	4	5	3	0.18750	0.250	0.125	0.250	0.125
4	4	4	3	0.10714	0.286	0.000	0.143	0.000
4	4	4	3	0.03571	0.143	0.000	0.000	0.000
4	4	4	3	0.03571	0.000	0.000	0.000	0.143
4	4	4	3	0.10714	0.000	0.143	0.286	0.000
4	4	4	4	0.15625	0.000	0.125	0.250	0.250
4	4	6	3	0.13889	0.111	0.111	0.222	0.111
4	4	6	5	0.31818	0.364	0.182	0.364	0.364
4	4	5	4	0.11111	0.222	0.111	0.111	0.000
4	4	5	3	0.18750	0.250	0.125	0.125	0.250
4	4	5	4	0.08333	0.222	0.000	0.000	0.111
4	4	5	3	0.09375	0.250	0.000	0.000	0.125
4	4	4	4	0.21875	0.375	0.125	0.250	0.125
4	4	4	4	0.03125	0.000	0.000	0.125	0.000
4	4	5	4	0.08333	0.111	0.000	0.111	0.111
4	4	5	3	0.15625	0.125	0.000	0.375	0.125
4	4	6	4	0.17500	0.200	0.000	0.200	0.300
4	4	5	4	0.33333	0.333	0.222	0.444	0.333
4	4	4	3	0.07143	0.143	0.000	0.143	0.000
4	4	5	4	0.22222	0.222	0.111	0.222	0.333
4	4	5	4	0.27778	0.444	0.222	0.333	0.111
4	4	4	4	0.12500	0.375	0.000	0.000	0.125
4	4	4	4	0.15625	0.125	0.000	0.125	0.375
4	4	5	4	0.08333	0.111	0.000	0.000	0.222
4	4	5	5	0.32500	0.400	0.200	0.300	0.400
4	4	4	3	0.03571	0.000	0.143	0.000	0.000
4	4	5	3	0.21875	0.125	0.000	0.375	0.375
4	4	4	5	0.19444	0.222	0.111	0.333	0.111
4	4	4	3	0.14286	0.286	0.143	0.143	0.000
4	4	4	4	0.21875	0.250	0.250	0.125	0.250
4	4	4	5	0.08333	0.333	0.000	0.000	0.000
4	4	4	3	0.07143	0.143	0.000	0.000	0.143
4	4	4	3	0.14286	0.000	0.000	0.286	0.286
4	4	6	3	0.13889	0.222	0.111	0.111	0.111
4	4	4	4	0.09375	0.250	0.125	0.000	0.000
4	4	4	3	0.07143	0.000	0.143	0.143	0.000
4	4	4	3	0.10714	0.429	0.000	0.000	0.000
4	4	4	3	0.07143	0.000	0.000	0.143	0.143
4	4	5	5	0.30000	0.400	0.200	0.400	0.200
4	4	4	4	0.06250	0.125	0.000	0.125	0.000
4	4	4	3	0.07143	0.000	0.000	0.143	0.143
4	4	5	4	0.08333	0.000	0.000	0.111	0.222
4	4	5	4	0.19444	0.444	0.000	0.111	0.222
4	4	5	3	0.25000	0.375	0.125	0.250	0.250
4	4	5	4	0.13889	0.111	0.111	0.111	0.222
4	4	4	4	0.12500	0.125	0.125	0.125	0.125
4	4	4	4	0.21875	0.250	0.125	0.250	0.250
4	4	4	4	0.06250	0.125	0.000	0.125	0.000
4	4	4	4	0.12500	0.250	0.000	0.125	0.125
4	4	6	3	0.13889	0.222	0.000	0.222	0.111
4	4	4	4	0.25000	0.375	0.125	0.375	0.125
4	4	4	4	0.09375	0.125	0.000	0.125	0.125
4	4	5	3	0.15625	0.375	0.125	0.000	0.125
4	4	7	4	0.22727	0.273	0.000	0.182	0.455
4	4	6	8	0.19643	0.071	0.143	0.357	0.214
4	4	4	3	0.07143	0.000	0.000	0.286	0.000
4	4	6	3	0.19444	0.333	0.111	0.222	0.111
4	4	4	4	0.15625	0.375	0.000	0.125	0.125
4	4	4	4	0.09375	0.125	0.000	0.125	0.125
4	4	5	3	0.18750	0.500	0.000	0.000	0.250
4	4	5	9	0.26786	0.143	0.143	0.357	0.429
4	4	5	3	0.06250	0.000	0.000	0.125	0.125
4	4	4	4	0.06250	0.000	0.125	0.125	0.000
4	4	4	3	0.03571	0.000	0.000	0.143	0.000
4	4	4	3	0.21429	0.143	0.000	0.143	0.571
4	4	4	3	0.25000	0.429	0.000	0.429	0.143
4	4	5	4	0.25000	0.222	0.333	0.222	0.222
4	4	5	3	0.18750	0.375	0.125	0.125	0.125
4	4	6	4	0.12500	0.100	0.000	0.200	0.200
4	4	4	4	0.09375	0.125	0.000	0.125	0.125
4	4	4	3	0.14286	0.143	0.000	0.143	0.286
4	4	6	4	0.20000	0.300	0.100	0.200	0.200
4	4	5	3	0.18750	0.250	0.000	0.375	0.125
4	4	5	3	0.21875	0.375	0.000	0.250	0.250
4	4	5	3	0.15625	0.125	0.000	0.125	0.375
4	4	6	3	0.16667	0.222	0.000	0.222	0.222
4	4	4	3	0.14286	0.143	0.143	0.143	0.143
4	4	5	7	0.18750	0.167	0.083	0.333	0.167
4	4	6	3	0.13889	0.222	0.000	0.222	0.111
4	4	7	4	0.31818	0.364	0.273	0.364	0.273
4	4	4	4	0.21875	0.250	0.125	0.250	0.250
4	4	4	4	0.15625	0.125	0.000	0.375	0.125
4	4	4	3	0.03571	0.143	0.000	0.000	0.000
4	4	4	7	0.20455	0.455	0.000	0.182	0.182
4	4	6	4	0.10000	0.200	0.000	0.200	0.000
4	4	4	3	0.00000	0.000	0.000	0.000	0.000
4	4	4	3	0.07143	0.143	0.000	0.000	0.143
4	4	5	4	0.13889	0.222	0.000	0.222	0.111
4	4	5	3	0.21875	0.375	0.125	0.125	0.250
4	4	6	3	0.19444	0.111	0.222	0.333	0.111
4	4	4	3	0.07143	0.143	0.000	0.143	0.000
4	4	4	3	0.03571	0.143	0.000	0.000	0.000
4	4	5	3	0.21875	0.375	0.000	0.125	0.375
4	4	4	3	0.14286	0.286	0.000	0.143	0.143
4	4	8	4	0.31250	0.333	0.083	0.417	0.417
4	4	4	3	0.07143	0.286	0.000	0.000	0.000
4	4	5	3	0.12500	0.250	0.000	0.125	0.125
4	4	6	3	0.13889	0.111	0.111	0.222	0.111
4	4	4	3	0.07143	0.143	0.000	0.143	0.000
4	4	7	4	0.31818	0.455	0.091	0.455	0.273
4	4	5	6	0.25000	0.182	0.273	0.273	0.273
4	4	4	3	0.07143	0.000	0.000	0.143	0.143
4	4	7	3	0.20000	0.300	0.100	0.100	0.300
4	4	6	3	0.08333	0.111	0.000	0.000	0.222
4	4	5	5	0.25000	0.600	0.100	0.200	0.100
4	4	6	4	0.27500	0.200	0.200	0.300	0.400
4	4	5	4	0.13889	0.333	0.000	0.111	0.111
4	4	4	3	0.14286	0.286	0.000	0.143	0.143
4	4	6	3	0.22222	0.111	0.222	0.222	0.333
4	4	7	3	0.17500	0.200	0.100	0.200	0.200
4	4	6	4	0.22500	0.200	0.100	0.300	0.300
4	4	4	4	0.15625	0.000	0.125	0.375	0.125
4	4	4	4	0.15625	0.250	0.000	0.125	0.250
4	4	6	3	0.27778	0.333	0.111	0.333	0.333
4	4	4	3	0.07143	0.143	0.000	0.000	0.143
4	4	4	3	0.07143	0.143	0.000	0.143	0.000
4	4	4	3	0.03571	0.000	0.000	0.143	0.000
4	4	4	5	0.22222	0.444	0.111	0.222	0.111
4	4	4	3	0.03571	0.143	0.000	0.000	0.000
4	4	5	3	0.12500	0.125	0.000	0.250	0.125
4	4	4	3	0.07143	0.143	0.000	0.000	0.143
4	4	4	3	0.07143	0.143	0.000	0.000	0.143
4	4	5	10	0.25000	0.467	0.133	0.200	0.200
4	4	4	4	0.12500	0.125	0.000	0.375	0.000
4	4	4	3	0.17857	0.286	0.143	0.143	0.143
4	4	5	3	0.15625	0.125	0.125	0.125	0.250
4	4	5	4	0.16667	0.000	0.111	0.222	0.333
4	4	4	3	0.14286	0.143	0.143	0.000	0.286
4	4	7	9	0.26562	0.000	0.188	0.062	0.812
4	4	7	3	0.15000	0.000	0.200	0.000	0.400
4	4	4	4	0.15625	0.000	0.000	0.375	0.250
4	4	6	5	0.11364	0.000	0.000	0.000	0.455
4	4	6	3	0.16667	0.000	0.222	0.000	0.444
4	4	4	3	0.14286	0.000	0.286	0.143	0.143
4	4	4	3	0.14286	0.000	0.000	0.000	0.571
4	4	6	3	0.16667	0.000	0.222	0.000	0.444
4	4	4	7	0.22727	0.273	0.091	0.091	0.455
4	4	4	3	0.07143	0.000	0.143	0.143	0.000
4	4	5	4	0.05556	0.000	0.000	0.000	0.222
4	4	6	4	0.22500	0.300	0.000	0.300	0.300
4	4	5	4	0.08333	0.333	0.000	0.000	0.000
4	4	6	4	0.17500	0.200	0.100	0.000	0.400
4	4	5	4	0.22222	0.333	0.111	0.111	0.333
4	4	4	4	0.12500	0.000	0.000	0.250	0.250
4	4	6	5	0.20455	0.182	0.091	0.091	0.455
4	4	4	3	0.10714	0.000	0.000	0.143	0.286
4	4	4	3	0.03571	0.000	0.000	0.143	0.000
4	4	7	4	0.25000	0.455	0.091	0.182	0.273
4	4	4	3	0.10714	0.286	0.000	0.000	0.143
4	4	5	3	0.12500	0.125	0.125	0.000	0.250
4	4	5	3	0.12500	0.250	0.000	0.000	0.250
4	4	7	3	0.25000	0.200	0.200	0.300	0.300
4	4	4	3	0.14286	0.000	0.000	0.143	0.429
4	4	5	4	0.13889	0.333	0.000	0.000	0.222
4	4	5	4	0.25000	0.222	0.222	0.111	0.444
4	4	5	3	0.12500	0.250	0.000	0.000	0.250
4	4	5	3	0.18750	0.375	0.125	0.000	0.250
4	4	5	4	0.22222	0.222	0.111	0.222	0.333
4	4	5	3	0.12500	0.125	0.125	0.125	0.125
4	4	4	4	0.15625	0.250	0.000	0.000	0.375
4	4	6	3	0.13889	0.111	0.111	0.111	0.222
4	4	4	5	0.25000	0.556	0.111	0.111	0.222
4	4	5	18	0.33696	0.217	0.087	0.783	0.261
4	4	6	5	0.29545	0.091	0.182	0.545	0.364
4	4	5	4	0.22222	0.111	0.111	0.222	0.444
4	4	5	6	0.31818	0.273	0.182	0.455	0.364
4	4	4	4	0.15625	0.125	0.250	0.125	0.125
4	4	4	3	0.10714	0.000	0.000	0.000	0.429
4	4	4	4	0.09375	0.125	0.000	0.250	0.000
4	4	5	4	0.22222	0.111	0.111	0.222	0.444
4	4	5	5	0.25000	0.200	0.000	0.500	0.300
4	4	14	4	0.27778	0.056	0.056	0.778	0.222
4	4	6	3	0.16667	0.111	0.111	0.333	0.111
4	4	4	4	0.15625	0.125	0.125	0.000	0.375
4	4	7	4	0.15909	0.000	0.000	0.000	0.636
4	4	4	4	0.18750	0.250	0.000	0.250	0.250
4	4	5	3	0.18750	0.125	0.125	0.250	0.250
4	4	5	3	0.25000	0.250	0.125	0.250	0.375
4	4	4	3	0.10714	0.143	0.000	0.000	0.286
4	4	5	3	0.09375	0.000	0.000	0.000	0.375
4	4	4	3	0.07143	0.000	0.000	0.286	0.000
4	4	4	5	0.25000	0.333	0.222	0.222	0.222
4	4	4	3	0.10714	0.000	0.000	0.143	0.286
4	4	5	5	0.40000	0.400	0.200	0.600	0.400
4	4	5	4	0.22222	0.111	0.000	0.333	0.444
4	4	6	5	0.20455	0.091	0.182	0.273	0.273
4	4	5	4	0.13889	0.222	0.111	0.111	0.111
4	4	4	3	0.07143	0.143	0.143	0.000	0.000
4	4	4	3	0.07143	0.143	0.000	0.143	0.000
4	4	6	4	0.22500	0.200	0.100	0.200	0.400
4	4	4	3	0.03571	0.143	0.000	0.000	0.000
4	4	5	7	0.14583	0.083	0.000	0.333	0.167
4	4	4	4	0.28125	0.125	0.250	0.375	0.375
4	4	4	3	0.07143	0.000	0.000	0.143	0.143
4	4	4	3	0.03571	0.000	0.000	0.000	0.143
4	4	4	3	0.03571	0.000	0.000	0.000	0.143
4	4	4	4	0.12500	0.250	0.125	0.000	0.125
4	4	5	4	0.11111	0.111	0.000	0.222	0.111
4	4	5	5	0.37500	0.500	0.200	0.200	0.600
4	4	4	3	0.14286	0.000	0.143	0.143	0.286
4	4	4	5	0.27778	0.222	0.222	0.333	0.333
4	4	4	4	0.06250	0.000	0.000	0.000	0.250
4	4	4	4	0.12500	0.125	0.125	0.250	0.000
4	4	5	4	0.05556	0.000	0.000	0.222	0.000
4	4	5	3	0.09375	0.125	0.125	0.000	0.125
4	4	5	4	0.13889	0.000	0.222	0.222	0.111
4	4	5	3	0.18750	0.125	0.125	0.125	0.375
4	4	4	4	0.09375	0.125	0.000	0.000	0.250
4	4	4	3	0.10714	0.143	0.000	0.143	0.143
4	4	4	3	0.14286	0.143	0.143	0.143	0.143
4	4	5	4	0.13889	0.000	0.111	0.111	0.333
4	4	4	4	0.15625	0.125	0.000	0.125	0.375
4	4	6	3	0.19444	0.222	0.111	0.222	0.222
4	4	4	5	0.19444	0.222	0.111	0.111	0.333
4	4	4	4	0.15625	0.125	0.000	0.375	0.125
4	4	4	4	0.09375	0.000	0.000	0.125	0.250
4	4	4	3	0.10714	0.143	0.000	0.286	0.000
4	4	4	3	0.03571	0.000	0.000	0.000	0.143
4	4	5	4	0.08333	0.111	0.000	0.111	0.111
4	4	4	4	0.09375	0.000	0.000	0.125	0.250
4	4	4	4	0.06250	0.000	0.000	0.125	0.125
4	4	4	3	0.00000	0.000	0.000	0.000	0.000
4	4	4	3	0.03571	0.000	0.000	0.143	0.000
4	4	4	3	0.03571	0.000	0.000	0.143	0.000
4	4	4	3	0.10714	0.143	0.000	0.143	0.143
4	4	4	3	0.17857	0.143	0.143	0.429	0.000
4	4	5	4	0.13889	0.333	0.111	0.000	0.111
4	4	4	3	0.07143	0.143	0.000	0.143	0.000
4	4	4	4	0.18750	0.125	0.000	0.250	0.375
4	4	6	3	0.11111	0.111	0.000	0.111	0.222
4	4	6	3	0.16667	0.222	0.111	0.111	0.222
4	4	4	3	0.14286	0.143	0.000	0.143	0.286
4	4	4	4	0.09375	0.000	0.000	0.250	0.125
4	4	6	3	0.30556	0.333	0.222	0.444	0.222
4	4	4	5	0.13889	0.111	0.111	0.222	0.111
4	4	7	3	0.17500	0.100	0.000	0.400	0.200
4	4	4	3	0.10714	0.143	0.000	0.000	0.286
4	4	4	4	0.06250	0.125	0.000	0.000	0.125
4	4	4	5	0.22222	0.111	0.111	0.444	0.222
4	4	6	7	0.15385	0.077	0.000	0.231	0.308
4	4	4	3	0.07143	0.000	0.000	0.286	0.000
4	4	4	4	0.15625	0.000	0.000	0.375	0.250
4	4	6	3	0.22222	0.222	0.222	0.222	0.222
4	4	4	3	0.00000	0.000	0.000	0.000	0.000
4	4	4	3	0.17857	0.000	0.286	0.286	0.143
4	4	5	3	0.18750	0.250	0.000	0.250	0.250
4	4	5	5	0.17500	0.200	0.100	0.200	0.200
4	4	4	3	0.10714	0.143	0.143	0.000	0.143
4	4	4	3	0.07143	0.000	0.000	0.000	0.286
4	4	5	4	0.22222	0.222	0.222	0.111	0.333
4	4	4	3	0.10714	0.143	0.143	0.000	0.143
4	4	6	4	0.22500	0.100	0.100	0.200	0.500
4	4	5	4	0.08333	0.000	0.000	0.111	0.222
4	4	4	3	0.03571	0.000	0.000	0.000	0.143
4	4	4	3	0.14286	0.143	0.000	0.286	0.143
4	4	5	3	0.15625	0.000	0.125	0.125	0.375
4	4	4	3	0.07143	0.143	0.000	0.000	0.143
4	4	4	3	0.14286	0.000	0.000	0.143	0.429
4	4	8	3	0.36364	0.545	0.364	0.273	0.273
4	4	4	3	0.07143	0.000	0.143	0.000	0.143
4	4	4	3	0.03571	0.000	0.000	0.143	0.000
4	4	5	3	0.18750	0.250	0.125	0.125	0.250
4	4	5	4	0.19444	0.222	0.111	0.222	0.222
4	4	4	3	0.10714	0.286	0.000	0.000	0.143
4	4	4	3	0.14286	0.000	0.000	0.143	0.429
4	4	5	4	0.19444	0.111	0.333	0.333	0.000
4	4	5	4	0.22222	0.111	0.222	0.222	0.333
4	4	5	3	0.06250	0.125	0.125	0.000	0.000
4	4	4	3	0.10714	0.143	0.000	0.143	0.143
4	4	5	4	0.13889	0.000	0.111	0.333	0.111
4	4	4	3	0.17857	0.286	0.143	0.143	0.143
4	4	5	3	0.12500	0.125	0.000	0.125	0.250
4	4	5	4	0.08333	0.000	0.000	0.111	0.222
4	4	5	4	0.16667	0.222	0.111	0.111	0.222
4	4	4	3	0.17857	0.143	0.000	0.143	0.429
4	4	5	3	0.03125	0.000	0.000	0.000	0.125
4	4	5	4	0.19444	0.111	0.111	0.111	0.444
4	4	4	5	0.36111	0.222	0.333	0.444	0.444
4	4	7	3	0.20000	0.200	0.100	0.200	0.300
4	4	5	4	0.16667	0.111	0.111	0.222	0.222
4	4	4	3	0.03571	0.000	0.000	0.000	0.143
4	4	5	3	0.09375	0.250	0.125	0.000	0.000
4	4	4	3	0.14286	0.143	0.000	0.143	0.286
4	4	7	3	0.25000	0.300	0.100	0.300	0.300
4	4	4	4	0.21875	0.125	0.125	0.250	0.375
4	4	5	3	0.06250	0.000	0.000	0.125	0.125
4	4	5	4	0.16667	0.111	0.000	0.222	0.333
4	4	4	3	0.07143	0.000	0.000	0.143	0.143
4	4	5	4	0.13889	0.222	0.000	0.000	0.333
4	4	5	4	0.16667	0.111	0.111	0.111	0.333
4	4	4	5	0.22222	0.222	0.111	0.222	0.333
4	4	4	3	0.21429	0.000	0.000	0.286	0.571
4	4	6	4	0.20000	0.300	0.100	0.100	0.300
4	4	4	3	0.10714	0.000	0.000	0.286	0.143
4	4	4	5	0.38889	0.444	0.222	0.333	0.556
4	4	4	3	0.10714	0.286	0.000	0.143	0.000
4	4	6	7	0.19231	0.154	0.077	0.385	0.154
4	4	4	3	0.10714	0.143	0.000	0.286	0.000
4	4	4	3	0.03571	0.000	0.000	0.000	0.143
4	4	5	3	0.03125	0.000	0.000	0.000	0.125
4	4	4	3	0.07143	0.143	0.000	0.000	0.143
4	4	4	4	0.15625	0.000	0.125	0.125	0.375
4	4	4	3	0.10714	0.000	0.000	0.143	0.286
4	4	4	3	0.10714	0.143	0.000	0.143	0.143
4	4	5	3	0.12500	0.000	0.000	0.250	0.250
4	4	5	5	0.17500	0.000	0.200	0.200	0.300
4	4	4	3	0.07143	0.000	0.000	0.143	0.143
4	4	6	4	0.12500	0.000	0.000	0.200	0.300
4	4	4	3	0.10714	0.000	0.000	0.000	0.429
4	4	5	3	0.25000	0.125	0.125	0.375	0.375
4	4	6	3	0.25000	0.222	0.111	0.222	0.444
4	4	5	3	0.03125	0.000	0.000	0.000	0.125
4	4	5	3	0.09375	0.000	0.125	0.125	0.125
4	4	6	5	0.27273	0.182	0.182	0.364	0.364
4	4	4	3	0.03571	0.000	0.000	0.000	0.143
4	4	4	4	0.15625	0.250	0.000	0.250	0.125
4	4	4	3	0.03571	0.000	0.000	0.000	0.143
4	4	6	7	0.36538	0.308	0.308	0.308	0.538
4	4	4	5	0.16667	0.111	0.111	0.111	0.333
4	4	5	4	0.22222	0.222	0.222	0.222	0.222
4	4	5	4	0.19444	0.222	0.111	0.333	0.111
4	4	4	3	0.14286	0.143	0.143	0.143	0.143
4	4	5	4	0.25000	0.222	0.222	0.222	0.333
4	4	5	3	0.15625	0.125	0.125	0.250	0.125
4	4	5	3	0.12500	0.125	0.125	0.000	0.250
4	4	6	4	0.25000	0.300	0.300	0.200	0.200
4	4	4	3	0.17857	0.143	0.143	0.000	0.429
4	6	4	3	0.10714	0.000	0.143	0.286	0.000
4	6	4	3	0.07143	0.000	0.000	0.143	0.143
4	6	4	3	0.10714	0.000	0.143	0.143	0.143
4	6	4	7	0.11364	0.364	0.000	0.091	0.000
4	6	6	8	0.26786	0.571	0.071	0.357	0.071
4	6	5	5	0.22500	0.500	0.000	0.400	0.000
4	6	6	5	0.31818	0.545	0.182	0.273	0.273
4	6	4	4	0.15625	0.500	0.000	0.125	0.000
4	6	4	5	0.19444	0.444	0.000	0.222	0.111
4	6	5	5	0.15000	0.600	0.000	0.000	0.000
4	6	4	10	0.28571	0.786	0.071	0.143	0.143
4	6	8	4	0.20833	0.500	0.083	0.167	0.083
4	6	4	3	0.00000	0.000	0.000	0.000	0.000
4	6	4	4	0.15625	0.125	0.125	0.125	0.250
4	6	5	3	0.12500	0.250	0.000	0.125	0.125
4	6	4	3	0.10714	0.000	0.000	0.143	0.286
4	6	5	3	0.15625	0.250	0.000	0.125	0.250
4	6	4	4	0.09375	0.000	0.125	0.250	0.000
4	6	6	7	0.23077	0.154	0.308	0.231	0.231
4	6	5	4	0.08333	0.111	0.000	0.222	0.000
4	6	4	4	0.15625	0.125	0.250	0.125	0.125
4	6	5	4	0.13889	0.222	0.000	0.222	0.111
4	6	4	3	0.10714	0.000	0.143	0.143	0.143
4	6	6	4	0.30000	0.300	0.200	0.300	0.400
4	6	5	3	0.09375	0.125	0.000	0.125	0.125
4	6	4	3	0.07143	0.000	0.000	0.000	0.286
4	6	5	3	0.15625	0.250	0.125	0.250	0.000
4	6	5	4	0.13889	0.000	0.111	0.111	0.333
4	6	4	3	0.03571	0.143	0.000	0.000	0.000
4	6	5	3	0.12500	0.125	0.000	0.125	0.250
4	6	5	3	0.09375	0.125	0.125	0.000	0.125
4	6	4	3	0.14286	0.143	0.143	0.000	0.286
4	6	5	5	0.25000	0.200	0.300	0.200	0.300
4	6	5	4	0.19444	0.333	0.111	0.111	0.222
4	6	4	3	0.00000	0.000	0.000	0.000	0.000
4	6	5	3	0.15625	0.125	0.000	0.125	0.375
4	6	5	3	0.18750	0.250	0.250	0.125	0.125
4	6	4	5	0.16667	0.111	0.000	0.222	0.333
4	6	4	7	0.18182	0.273	0.000	0.091	0.364
4	6	5	3	0.15625	0.125	0.125	0.250	0.125
4	6	9	3	0.27083	0.417	0.167	0.083	0.417
4	6	6	3	0.19444	0.000	0.222	0.222	0.333
4	6	4	3	0.17857	0.143	0.143	0.143	0.286
4	6	6	4	0.22500	0.300	0.100	0.300	0.200
4	6	9	3	0.29167	0.333	0.250	0.250	0.333
4	6	5	4	0.25000	0.222	0.333	0.333	0.111
4	6	6	4	0.32500	0.200	0.200	0.500	0.400
4	6	4	4	0.15625	0.250	0.125	0.000	0.250
4	6	4	3	0.14286	0.286	0.143	0.143	0.000
4	6	4	3	0.00000	0.000	0.000	0.000	0.000
4	6	5	3	0.18750	0.250	0.125	0.250	0.125
4	6	4	7	0.25000	0.455	0.182	0.091	0.273
4	6	5	4	0.16667	0.111	0.222	0.333	0.000
4	6	4	4	0.28125	0.250	0.250	0.250	0.375
4	6	5	4	0.16667	0.222	0.111	0.111	0.222
4	6	5	3	0.09375	0.000	0.000	0.125	0.250
4	6	5	3	0.12500	0.250	0.000	0.000	0.250
4	6	5	4	0.13889	0.222	0.222	0.000	0.111
4	6	5	3	0.09375	0.125	0.125	0.125	0.000
4	6	6	3	0.13889	0.222	0.111	0.111	0.111
4	6	5	3	0.21875	0.250	0.125	0.125	0.375
4	6	5	3	0.15625	0.125	0.125	0.250	0.125
4	6	5	3	0.09375	0.250	0.000	0.000	0.125
4	6	4	4	0.15625	0.125	0.125	0.250	0.125
4	6	5	4	0.25000	0.111	0.222	0.333	0.333
4	6	4	3	0.10714	0.000	0.000	0.143	0.286
4	6	7	3	0.42500	0.300	0.400	0.500	0.500
4	6	5	5	0.17500	0.400	0.200	0.100	0.000
4	6	4	4	0.15625	0.250	0.000	0.125	0.250
4	6	4	3	0.14286	0.286	0.143	0.143	0.000
4	6	5	4	0.13889	0.222	0.111	0.111	0.111
4	6	4	3	0.10714	0.000	0.000	0.143	0.286
4	6	6	4	0.20000	0.200	0.300	0.300	0.000
4	6	4	3	0.07143	0.143	0.000	0.000	0.143
4	6	5	5	0.25000	0.300	0.200	0.200	0.300
4	6	4	3	0.10714	0.143	0.143	0.000	0.143
4	6	4	3	0.03571	0.000	0.000	0.143	0.000
4	6	4	3	0.07143	0.000	0.143	0.143	0.000
4	6	4	3	0.10714	0.143	0.143	0.143	0.000
4	6	4	4	0.06250	0.125	0.125	0.000	0.000
4	6	6	3	0.16667	0.444	0.000	0.111	0.111
4	6	8	3	0.18182	0.182	0.182	0.182	0.182
4	6	6	3	0.22222	0.000	0.111	0.556	0.222
4	6	5	3	0.12500	0.125	0.000	0.125	0.250
4	6	4	3	0.07143	0.000	0.143	0.000	0.143
4	6	6	3	0.27778	0.333	0.333	0.222	0.222
4	6	5	3	0.28125	0.375	0.125	0.125	0.500
4	6	6	4	0.30000	0.400	0.300	0.200	0.300
4	6	6	3	0.19444	0.444	0.111	0.111	0.111
4	6	5	3	0.18750	0.000	0.375	0.375	0.000
4	6	5	3	0.15625	0.125	0.250	0.125	0.125
4	6	7	3	0.20000	0.200	0.300	0.200	0.100
4	6	6	5	0.27273	0.182	0.273	0.455	0.182
4	6	5	3	0.06250	0.000	0.000	0.125	0.125
4	6	5	3	0.15625	0.125	0.125	0.125	0.250
4	6	5	4	0.22222	0.333	0.222	0.222	0.111
4	6	4	3	0.07143	0.143	0.000	0.000	0.143
4	6	5	4	0.19444	0.111	0.111	0.222	0.333
4	6	4	3	0.03571	0.000	0.000	0.143	0.000
4	6	5	3	0.06250	0.000	0.000	0.125	0.125
4	6	4	3	0.03571	0.143	0.000	0.000	0.000
4	6	6	3	0.19444	0.111	0.111	0.333	0.222
4	6	6	3	0.22222	0.222	0.222	0.222	0.222
4	6	5	3	0.25000	0.500	0.000	0.250	0.250
4	6	6	4	0.27500	0.400	0.200	0.300	0.200
4	6	4	4	0.28125	0.125	0.375	0.375	0.250
4	6	6	3	0.11111	0.111	0.000	0.000	0.333
4	6	6	4	0.27500	0.200	0.200	0.200	0.500
4	6	7	3	0.27500	0.400	0.200	0.200	0.300
4	6	5	3	0.09375	0.125	0.125	0.125	0.000
4	6	6	4	0.22500	0.400	0.100	0.200	0.200
4	6	4	3	0.10714	0.286	0.000	0.000	0.143
4	6	5	3	0.21875	0.125	0.000	0.250	0.500
4	6	5	6	0.20455	0.364	0.091	0.182	0.182
4	6	5	3	0.09375	0.250	0.000	0.000	0.125
4	6	5	3	0.12500	0.250	0.125	0.000	0.125
4	6	5	5	0.10000	0.100	0.000	0.000	0.300
4	6	5	3	0.25000	0.375	0.250	0.250	0.125
4	6	8	3	0.34091	0.545	0.273	0.182	0.364
4	6	7	4	0.29545	0.364	0.364	0.091	0.364
4	6	4	4	0.06250	0.125	0.000	0.000	0.125
4	6	4	4	0.18750	0.125	0.250	0.125	0.250
4	6	4	3	0.07143	0.143	0.000	0.000	0.143
4	6	4	3	0.21429	0.286	0.000	0.286	0.286
4	6	4	4	0.18750	0.125	0.125	0.250	0.250
4	6	4	3	0.03571	0.000	0.000	0.000	0.143
4	6	4	3	0.14286	0.000	0.143	0.143	0.286
4	6	5	3	0.09375	0.125	0.125	0.125	0.000
4	6	6	3	0.22222	0.222	0.111	0.222	0.333
4	6	4	3	0.10714	0.000	0.000	0.143	0.286
4	6	5	3	0.03125	0.125	0.000	0.000	0.000
4	6	5	4	0.13889	0.111	0.111	0.222	0.111
4	6	4	7	0.20455	0.455	0.182	0.000	0.182
4	6	5	3	0.12500	0.250	0.000	0.125	0.125
4	6	5	4	0.33333	0.556	0.222	0.333	0.222
4	6	6	3	0.36111	0.556	0.111	0.444	0.333
4	6	5	4	0.19444	0.222	0.111	0.222	0.222
4	6	5	7	0.14583	0.250	0.000	0.167	0.167
4	6	4	3	0.07143	0.143	0.000	0.000	0.143
4	6	7	3	0.20000	0.100	0.300	0.100	0.300
4	6	4	3	0.14286	0.286	0.143	0.143	0.000
4	6	4	3	0.10714	0.000	0.143	0.143	0.143
4	6	4	3	0.07143	0.000	0.143	0.143	0.000
4	6	5	3	0.12500	0.250	0.125	0.125	0.000
4	6	4	3	0.10714	0.143	0.143	0.000	0.143
4	6	7	3	0.17500	0.000	0.200	0.200	0.300
4	6	5	3	0.06250	0.125	0.000	0.125	0.000
4	6	4	3	0.07143	0.143	0.000	0.000	0.143
4	6	4	3	0.03571	0.000	0.000	0.000	0.143
4	6	4	3	0.17857	0.286	0.143	0.143	0.143
4	6	6	3	0.13889	0.000	0.222	0.111	0.222
