Index Coding (Basic Antidotes,random) Log File
2012/13/12 11:00:16

N	PIECES	numTDMA	numIndex	epsAvg	epsVec
12	1	29	25	0.41358	0.278	0.463	0.444	0.463	0.537	0.556	0.185	0.407	0.519	0.481	0.463	0.167
12	1	23	17	0.40625	0.225	0.600	0.500	0.350	0.500	0.450	0.175	0.400	0.600	0.600	0.425	0.050
12	1	23	13	0.38426	0.250	0.556	0.361	0.361	0.583	0.500	0.250	0.444	0.444	0.472	0.361	0.028
12	1	51	23	0.45495	0.230	0.527	0.568	0.432	0.703	0.527	0.284	0.527	0.595	0.459	0.486	0.122
12	1	28	33	0.42213	0.230	0.344	0.508	0.459	0.770	0.393	0.164	0.443	0.607	0.492	0.525	0.131
12	1	32	70	0.31781	0.127	0.265	0.294	0.304	0.853	0.284	0.157	0.304	0.412	0.353	0.314	0.147
12	1	72	18	0.50370	0.211	0.689	0.489	0.533	0.833	0.600	0.233	0.522	0.611	0.544	0.589	0.189
12	1	26	25	0.36928	0.235	0.392	0.314	0.353	0.569	0.510	0.176	0.392	0.431	0.431	0.529	0.098
12	1	25	12	0.37387	0.162	0.432	0.324	0.459	0.514	0.432	0.135	0.568	0.541	0.432	0.405	0.081
12	1	23	26	0.36395	0.122	0.388	0.347	0.469	0.653	0.347	0.224	0.367	0.531	0.367	0.429	0.122
12	1	32	27	0.44209	0.356	0.492	0.441	0.458	0.644	0.390	0.288	0.475	0.508	0.525	0.559	0.169
12	1	16	146	0.22377	0.111	0.148	0.154	0.136	0.883	0.154	0.117	0.247	0.185	0.278	0.210	0.062
12	1	15	14	0.36782	0.172	0.414	0.414	0.379	0.448	0.448	0.138	0.517	0.483	0.448	0.448	0.103
12	1	27	25	0.40545	0.250	0.442	0.423	0.442	0.462	0.462	0.212	0.462	0.615	0.481	0.558	0.058
12	1	36	13	0.46259	0.286	0.571	0.551	0.510	0.551	0.510	0.245	0.510	0.612	0.592	0.429	0.184
12	1	24	26	0.39833	0.320	0.520	0.420	0.540	0.440	0.380	0.200	0.500	0.440	0.500	0.400	0.120
12	1	30	12	0.42857	0.214	0.405	0.571	0.500	0.667	0.405	0.262	0.452	0.571	0.476	0.548	0.071
12	1	20	13	0.44949	0.182	0.636	0.364	0.303	0.606	0.667	0.212	0.576	0.667	0.455	0.515	0.212
12	1	21	20	0.38415	0.220	0.512	0.390	0.366	0.512	0.439	0.171	0.463	0.488	0.463	0.390	0.195
12	1	29	12	0.44309	0.585	0.585	0.439	0.366	0.488	0.537	0.122	0.634	0.512	0.439	0.537	0.073
12	1	28	16	0.55114	0.523	0.636	0.727	0.477	0.477	0.705	0.409	0.614	0.682	0.636	0.591	0.136
12	1	35	23	0.40948	0.362	0.621	0.534	0.362	0.414	0.431	0.207	0.448	0.466	0.534	0.466	0.069
12	1	37	16	0.45126	0.396	0.585	0.623	0.472	0.358	0.642	0.151	0.472	0.528	0.547	0.566	0.075
12	1	23	16	0.37607	0.359	0.564	0.487	0.359	0.333	0.513	0.205	0.436	0.385	0.385	0.359	0.128
12	1	28	22	0.41500	0.300	0.660	0.600	0.440	0.280	0.560	0.160	0.400	0.480	0.540	0.420	0.140
12	1	28	21	0.44048	0.286	0.653	0.653	0.388	0.388	0.571	0.143	0.490	0.592	0.449	0.551	0.122
12	1	39	13	0.45513	0.423	0.596	0.577	0.519	0.404	0.538	0.173	0.346	0.615	0.596	0.538	0.135
12	1	20	16	0.46991	0.472	0.583	0.611	0.583	0.361	0.583	0.278	0.333	0.583	0.556	0.528	0.167
12	1	38	16	0.45679	0.370	0.648	0.593	0.463	0.481	0.556	0.241	0.370	0.537	0.593	0.519	0.111
12	1	40	16	0.48065	0.250	0.643	0.643	0.411	0.464	0.679	0.250	0.589	0.571	0.589	0.536	0.143
12	1	28	14	0.45040	0.381	0.452	0.524	0.500	0.643	0.476	0.238	0.548	0.571	0.500	0.452	0.119
12	1	24	18	0.42857	0.452	0.429	0.357	0.500	0.667	0.476	0.262	0.500	0.548	0.452	0.310	0.190
12	1	23	25	0.42361	0.375	0.396	0.500	0.458	0.521	0.583	0.312	0.458	0.521	0.396	0.417	0.146
12	1	35	25	0.41806	0.383	0.450	0.367	0.367	0.483	0.483	0.217	0.567	0.600	0.500	0.533	0.067
12	1	15	25	0.39792	0.350	0.500	0.550	0.350	0.475	0.475	0.225	0.425	0.525	0.400	0.425	0.075
12	1	31	23	0.42284	0.352	0.481	0.537	0.426	0.481	0.426	0.185	0.537	0.574	0.519	0.407	0.148
12	1	34	26	0.47639	0.417	0.567	0.567	0.417	0.667	0.517	0.250	0.517	0.567	0.633	0.367	0.233
12	1	34	13	0.46631	0.404	0.617	0.511	0.532	0.511	0.489	0.234	0.574	0.553	0.596	0.489	0.085
12	1	35	13	0.44792	0.500	0.375	0.521	0.625	0.458	0.583	0.167	0.521	0.479	0.542	0.500	0.104
12	1	32	29	0.45628	0.475	0.344	0.443	0.459	0.475	0.508	0.262	0.557	0.590	0.574	0.557	0.230
12	1	22	24	0.31703	0.304	0.174	0.370	0.217	0.283	0.326	0.109	0.391	0.457	0.413	0.717	0.043
12	1	31	13	0.48674	0.568	0.364	0.386	0.341	0.432	0.614	0.273	0.523	0.727	0.545	0.750	0.318
12	1	22	15	0.35135	0.378	0.108	0.270	0.324	0.297	0.459	0.108	0.459	0.649	0.541	0.486	0.135
12	1	22	51	0.29795	0.260	0.192	0.274	0.247	0.247	0.329	0.137	0.329	0.384	0.233	0.767	0.178
12	1	40	18	0.44253	0.448	0.328	0.379	0.448	0.431	0.569	0.190	0.569	0.638	0.431	0.707	0.172
12	1	34	16	0.46667	0.480	0.320	0.580	0.340	0.460	0.520	0.380	0.500	0.540	0.600	0.660	0.220
12	1	30	13	0.44574	0.419	0.279	0.535	0.465	0.465	0.535	0.163	0.488	0.698	0.674	0.512	0.116
12	1	29	25	0.38889	0.370	0.278	0.389	0.389	0.481	0.500	0.167	0.481	0.500	0.444	0.537	0.130
12	1	31	12	0.44380	0.419	0.465	0.535	0.488	0.512	0.628	0.116	0.442	0.651	0.395	0.581	0.093
12	1	28	15	0.42636	0.372	0.326	0.535	0.419	0.419	0.581	0.209	0.488	0.465	0.488	0.674	0.140
12	1	29	14	0.44574	0.395	0.349	0.442	0.349	0.488	0.535	0.209	0.605	0.558	0.744	0.488	0.186
12	1	19	23	0.35119	0.405	0.262	0.405	0.333	0.310	0.405	0.143	0.405	0.452	0.452	0.548	0.095
12	1	28	20	0.45660	0.438	0.479	0.479	0.438	0.417	0.521	0.167	0.542	0.646	0.521	0.646	0.188
12	1	26	13	0.43376	0.333	0.308	0.513	0.590	0.385	0.436	0.205	0.487	0.564	0.590	0.615	0.179
12	1	24	14	0.46711	0.368	0.447	0.500	0.605	0.447	0.579	0.263	0.368	0.553	0.605	0.684	0.184
12	1	31	12	0.44574	0.395	0.395	0.442	0.581	0.488	0.512	0.023	0.512	0.605	0.721	0.651	0.023
12	1	29	23	0.40865	0.288	0.327	0.308	0.558	0.404	0.596	0.173	0.481	0.558	0.423	0.635	0.154
12	1	22	13	0.43095	0.286	0.314	0.429	0.400	0.514	0.543	0.200	0.457	0.657	0.571	0.571	0.229
12	1	35	11	0.44746	0.370	0.500	0.543	0.391	0.391	0.674	0.087	0.565	0.543	0.630	0.587	0.087
12	1	25	51	0.31469	0.276	0.263	0.276	0.211	0.276	0.658	0.145	0.395	0.487	0.263	0.395	0.132
