Index Coding (Basic Antidotes) Log File
2012/10/12 11:00:57

N	PIECES	numTDMA	numIndex	epsAvg	epsVec
8	4	23	5	0.33036	[[ 0.429  0.214  0.5    0.429  0.179  0.214  0.321  0.357]]
8	4	15	7	0.35795	[[ 0.364  0.273  0.591  0.318  0.273  0.273  0.227  0.545]]
8	4	12	5	0.31618	[[ 0.412  0.353  0.294  0.176  0.176  0.294  0.294  0.529]]
8	4	12	7	0.36842	[[ 0.263  0.263  0.368  0.421  0.421  0.421  0.211  0.579]]
8	4	13	7	0.35625	[[ 0.4   0.15  0.35  0.45  0.25  0.45  0.3   0.5 ]]
8	4	15	5	0.34375	[[ 0.3   0.4   0.35  0.3   0.15  0.35  0.35  0.55]]
8	4	14	6	0.40000	[[ 0.5   0.25  0.4   0.5   0.3   0.45  0.15  0.65]]
8	4	12	5	0.33088	[[ 0.412  0.235  0.353  0.471  0.118  0.529  0.176  0.353]]
8	4	13	7	0.32500	[[ 0.35  0.3   0.35  0.25  0.3   0.45  0.2   0.4 ]]
8	4	14	7	0.40476	[[ 0.238  0.429  0.429  0.524  0.476  0.429  0.143  0.571]]
8	4	11	6	0.25735	[[ 0.235  0.353  0.176  0.412  0.235  0.176  0.059  0.412]]
8	4	19	6	0.36500	[[ 0.4   0.32  0.32  0.56  0.32  0.32  0.24  0.44]]
8	4	16	7	0.41848	[[ 0.304  0.478  0.522  0.609  0.478  0.348  0.261  0.348]]
8	4	14	5	0.37500	[[ 0.368  0.421  0.263  0.526  0.474  0.263  0.211  0.474]]
8	4	14	5	0.30921	[[ 0.263  0.263  0.474  0.368  0.421  0.105  0.053  0.526]]
8	4	12	7	0.31579	[[ 0.316  0.316  0.368  0.474  0.263  0.211  0.158  0.421]]
8	4	14	4	0.38194	[[ 0.444  0.611  0.389  0.333  0.611  0.111  0.056  0.5  ]]
8	4	13	5	0.36806	[[ 0.389  0.333  0.5    0.278  0.444  0.389  0.167  0.444]]
8	4	12	7	0.43421	[[ 0.526  0.579  0.368  0.526  0.316  0.421  0.211  0.526]]
8	4	8	4	0.23958	[[ 0.333  0.333  0.417  0.25   0.25   0.167  0.     0.167]]
8	4	9	6	0.27500	[[ 0.267  0.2    0.467  0.267  0.333  0.067  0.2    0.4  ]]
8	4	12	4	0.30469	[[ 0.375  0.438  0.312  0.25   0.375  0.375  0.062  0.25 ]]
8	4	10	7	0.31618	[[ 0.353  0.235  0.412  0.353  0.412  0.294  0.059  0.412]]
8	4	18	6	0.32292	[[ 0.333  0.208  0.375  0.625  0.375  0.25   0.083  0.333]]
8	4	19	6	0.36500	[[ 0.36  0.32  0.52  0.36  0.32  0.4   0.12  0.52]]
8	4	12	4	0.35938	[[ 0.312  0.25   0.562  0.562  0.312  0.375  0.125  0.375]]
8	4	12	6	0.38889	[[ 0.278  0.278  0.389  0.5    0.389  0.5    0.333  0.444]]
8	4	15	7	0.32386	[[ 0.364  0.273  0.455  0.455  0.182  0.273  0.318  0.273]]
8	4	10	7	0.33088	[[ 0.235  0.412  0.412  0.412  0.412  0.176  0.059  0.529]]
8	4	12	4	0.29688	[[ 0.438  0.25   0.375  0.562  0.188  0.25   0.062  0.25 ]]
8	4	14	6	0.37500	[[ 0.4   0.35  0.65  0.55  0.25  0.25  0.1   0.45]]
8	4	16	5	0.33929	[[ 0.429  0.286  0.619  0.571  0.     0.286  0.095  0.429]]
8	4	18	5	0.40217	[[ 0.696  0.435  0.478  0.391  0.391  0.174  0.174  0.478]]
8	4	13	10	0.32065	[[ 0.696  0.261  0.348  0.087  0.261  0.348  0.174  0.391]]
8	4	12	6	0.29167	[[ 0.389  0.278  0.333  0.111  0.333  0.278  0.278  0.333]]
8	4	13	5	0.36806	[[ 0.556  0.333  0.222  0.333  0.333  0.556  0.167  0.444]]
8	4	8	8	0.26562	[[ 0.25   0.438  0.188  0.188  0.438  0.188  0.062  0.375]]
8	4	11	7	0.33333	[[ 0.444  0.333  0.5    0.278  0.333  0.389  0.056  0.333]]
8	4	14	5	0.34868	[[ 0.368  0.263  0.316  0.263  0.421  0.632  0.211  0.316]]
8	4	13	6	0.32237	[[ 0.368  0.263  0.368  0.158  0.368  0.474  0.105  0.474]]
8	4	10	5	0.31667	[[ 0.467  0.467  0.267  0.2    0.333  0.133  0.133  0.533]]
8	4	16	5	0.37500	[[ 0.524  0.238  0.381  0.333  0.476  0.333  0.238  0.476]]
8	4	9	7	0.27344	[[ 0.375  0.25   0.312  0.125  0.125  0.562  0.125  0.312]]
8	4	17	6	0.38043	[[ 0.391  0.304  0.348  0.391  0.478  0.391  0.261  0.478]]
8	4	11	5	0.35156	[[ 0.375  0.25   0.312  0.25   0.375  0.5    0.312  0.438]]
8	4	8	7	0.43333	[[ 0.4    0.6    0.467  0.267  0.4    0.533  0.333  0.467]]
8	4	12	5	0.36765	[[ 0.412  0.353  0.235  0.353  0.412  0.353  0.235  0.588]]
8	4	16	6	0.39773	[[ 0.545  0.455  0.409  0.409  0.318  0.455  0.091  0.5  ]]
8	4	9	5	0.31250	[[ 0.357  0.214  0.357  0.286  0.143  0.357  0.429  0.357]]
8	4	10	5	0.37500	[[ 0.6    0.333  0.267  0.2    0.4    0.6    0.133  0.467]]
8	4	15	6	0.34524	[[ 0.286  0.333  0.429  0.333  0.381  0.381  0.286  0.333]]
8	4	13	6	0.31579	[[ 0.316  0.316  0.211  0.158  0.368  0.421  0.158  0.579]]
8	4	16	5	0.36905	[[ 0.429  0.429  0.476  0.238  0.333  0.381  0.286  0.381]]
8	4	9	6	0.31667	[[ 0.4    0.2    0.333  0.267  0.133  0.533  0.133  0.533]]
8	4	13	16	0.31897	[[ 0.276  0.31   0.31   0.207  0.241  0.69   0.172  0.345]]
8	4	13	10	0.37500	[[ 0.435  0.348  0.217  0.217  0.348  0.87   0.304  0.261]]
8	4	10	6	0.36719	[[ 0.375  0.438  0.375  0.25   0.25   0.625  0.25   0.375]]
8	4	74	13	0.38793	[[ 0.414  0.287  0.402  0.161  0.287  0.943  0.195  0.414]]
8	4	25	6	0.38710	[[ 0.419  0.226  0.387  0.161  0.355  0.871  0.194  0.484]]
8	4	14	6	0.36875	[[ 0.45  0.35  0.3   0.2   0.25  0.85  0.15  0.4 ]]
8	4	16	5	0.33929	[[ 0.19   0.333  0.476  0.238  0.19   0.762  0.238  0.286]]
8	4	11	4	0.31667	[[ 0.533  0.533  0.4    0.133  0.133  0.4    0.2    0.2  ]]
8	4	15	8	0.35870	[[ 0.435  0.217  0.609  0.217  0.261  0.348  0.304  0.478]]
8	4	16	6	0.31250	[[ 0.364  0.045  0.364  0.091  0.136  0.455  0.636  0.409]]
8	4	16	5	0.32143	[[ 0.381  0.143  0.286  0.143  0.333  0.286  0.619  0.381]]
8	4	11	6	0.38235	[[ 0.353  0.235  0.353  0.118  0.471  0.412  0.529  0.588]]
8	4	9	7	0.36719	[[ 0.438  0.312  0.438  0.25   0.375  0.438  0.375  0.312]]
8	4	17	5	0.31818	[[ 0.182  0.136  0.227  0.227  0.5    0.318  0.409  0.545]]
8	4	17	4	0.40476	[[ 0.571  0.19   0.333  0.286  0.619  0.286  0.524  0.429]]
8	4	10	7	0.34559	[[ 0.412  0.235  0.412  0.235  0.294  0.294  0.529  0.353]]
8	4	10	14	0.33333	[[ 0.375  0.25   0.292  0.292  0.25   0.583  0.375  0.25 ]]
8	4	33	6	0.40385	[[ 0.462  0.359  0.41   0.256  0.179  0.769  0.333  0.462]]
8	4	14	5	0.38158	[[ 0.263  0.474  0.421  0.158  0.263  0.632  0.579  0.263]]
8	4	17	6	0.38043	[[ 0.522  0.391  0.391  0.087  0.348  0.478  0.565  0.261]]
8	4	18	7	0.42500	[[ 0.4   0.4   0.56  0.04  0.36  0.56  0.6   0.48]]
8	4	8	5	0.29808	[[ 0.462  0.231  0.308  0.     0.077  0.462  0.385  0.462]]
8	4	9	7	0.32812	[[ 0.375  0.25   0.375  0.312  0.062  0.438  0.5    0.312]]
8	4	18	5	0.39130	[[ 0.348  0.304  0.348  0.174  0.174  0.609  0.522  0.652]]
8	4	18	7	0.40000	[[ 0.36  0.32  0.48  0.16  0.32  0.28  0.52  0.76]]
8	4	20	8	0.37500	[[ 0.321  0.357  0.286  0.179  0.143  0.821  0.464  0.429]]
8	4	13	4	0.36029	[[ 0.294  0.412  0.353  0.176  0.412  0.235  0.412  0.588]]
8	4	17	5	0.40341	[[ 0.5    0.318  0.409  0.136  0.273  0.591  0.455  0.545]]
8	4	17	8	0.48500	[[ 0.44  0.48  0.4   0.4   0.36  0.92  0.44  0.44]]
8	4	14	7	0.37500	[[ 0.381  0.476  0.333  0.19   0.286  0.667  0.286  0.381]]
8	4	14	5	0.32237	[[ 0.211  0.421  0.316  0.053  0.263  0.632  0.368  0.316]]
8	4	12	7	0.38816	[[ 0.368  0.316  0.474  0.105  0.421  0.632  0.368  0.421]]
8	4	29	13	0.36310	[[ 0.238  0.238  0.167  0.048  0.238  0.905  0.714  0.357]]
8	4	41	13	0.41435	[[ 0.407  0.315  0.296  0.111  0.241  0.889  0.778  0.278]]
8	4	12	10	0.37500	[[ 0.409  0.182  0.318  0.227  0.409  0.409  0.591  0.455]]
8	4	16	6	0.34659	[[ 0.409  0.364  0.318  0.091  0.136  0.727  0.5    0.227]]
8	4	10	31	0.32927	[[ 0.122  0.244  0.268  0.146  0.098  0.927  0.488  0.341]]
8	4	13	11	0.41146	[[ 0.458  0.333  0.458  0.208  0.25   0.667  0.542  0.375]]
8	4	11	5	0.35938	[[ 0.5    0.312  0.625  0.125  0.25   0.188  0.438  0.438]]
8	4	15	6	0.38095	[[ 0.381  0.381  0.381  0.381  0.286  0.286  0.667  0.286]]
8	4	13	4	0.38971	[[ 0.353  0.353  0.412  0.412  0.471  0.235  0.529  0.353]]
8	4	17	5	0.32386	[[ 0.273  0.364  0.5    0.227  0.091  0.273  0.455  0.409]]
8	4	9	6	0.27500	[[ 0.467  0.2    0.4    0.133  0.133  0.2    0.4    0.267]]
8	4	12	6	0.40972	[[ 0.278  0.5    0.278  0.444  0.444  0.389  0.556  0.389]]
8	4	10	7	0.36765	[[ 0.412  0.294  0.471  0.235  0.235  0.412  0.471  0.412]]
8	4	13	6	0.32237	[[ 0.263  0.263  0.368  0.316  0.263  0.316  0.316  0.474]]
8	4	9	5	0.25893	[[ 0.214  0.286  0.214  0.214  0.071  0.143  0.571  0.357]]
8	4	17	5	0.38636	[[ 0.409  0.273  0.455  0.273  0.409  0.5    0.409  0.364]]
8	4	12	4	0.41406	[[ 0.375  0.312  0.438  0.375  0.25   0.562  0.625  0.375]]
8	4	12	7	0.40789	[[ 0.263  0.421  0.368  0.211  0.263  0.526  0.526  0.684]]
8	4	11	5	0.33594	[[ 0.25   0.438  0.562  0.125  0.25   0.312  0.375  0.375]]
8	4	18	7	0.33000	[[ 0.4   0.24  0.4   0.12  0.2   0.28  0.52  0.48]]
8	4	13	10	0.37500	[[ 0.217  0.304  0.304  0.304  0.348  0.304  0.652  0.565]]
8	4	11	5	0.29688	[[ 0.438  0.25   0.25   0.125  0.125  0.125  0.5    0.562]]
8	4	17	6	0.37500	[[ 0.435  0.174  0.304  0.348  0.348  0.348  0.652  0.391]]
8	4	13	6	0.41447	[[ 0.474  0.526  0.632  0.368  0.316  0.263  0.421  0.316]]
8	4	15	7	0.30682	[[ 0.364  0.364  0.273  0.227  0.182  0.318  0.409  0.318]]
8	4	28	5	0.45076	[[ 0.545  0.424  0.545  0.333  0.333  0.394  0.545  0.485]]
#try circular
8	4	10	7	0.23529	[[ 0.118  0.059  0.118  0.353  0.294  0.588  0.176  0.176]]
8	4	13	4	0.29412	[[ 0.412  0.059  0.235  0.353  0.588  0.353  0.176  0.176]]
8	4	9	4	0.23077	[[ 0.308  0.077  0.308  0.231  0.231  0.385  0.077  0.231]]
8	4	9	4	0.21154	[[ 0.308  0.077  0.231  0.385  0.     0.231  0.077  0.385]]
8	4	10	7	0.26471	[[ 0.294  0.118  0.235  0.353  0.176  0.294  0.118  0.529]]
8	4	8	5	0.25000	[[ 0.308  0.077  0.231  0.538  0.231  0.231  0.231  0.154]]
8	4	13	4	0.29412	[[ 0.647  0.059  0.412  0.294  0.235  0.294  0.118  0.294]]
8	4	10	7	0.28676	[[ 0.412  0.     0.529  0.353  0.176  0.294  0.118  0.412]]
8	4	13	6	0.21711	[[ 0.368  0.053  0.368  0.211  0.263  0.211  0.158  0.105]]
8	4	9	7	0.26562	[[ 0.25   0.062  0.438  0.438  0.25   0.312  0.062  0.312]]
8	4	11	4	0.25000	[[ 0.467  0.     0.2    0.4    0.133  0.4    0.     0.4  ]]
8	4	13	7	0.33125	[[ 0.4   0.1   0.4   0.45  0.3   0.4   0.2   0.4 ]]
8	4	9	7	0.24219	[[ 0.438  0.     0.25   0.438  0.125  0.25   0.125  0.312]]
8	4	12	4	0.24219	[[ 0.188  0.125  0.375  0.125  0.25   0.375  0.188  0.312]]
8	4	16	8	0.26562	[[ 0.375  0.     0.292  0.292  0.25   0.417  0.125  0.375]]
8	4	10	7	0.22059	[[ 0.294  0.     0.588  0.294  0.059  0.294  0.118  0.118]]
8	4	13	5	0.21528	[[ 0.333  0.     0.278  0.389  0.111  0.278  0.     0.333]]
8	4	15	5	0.33125	[[ 0.3   0.15  0.4   0.6   0.2   0.4   0.15  0.45]]
8	4	9	6	0.25833	[[ 0.467  0.133  0.267  0.2    0.2    0.267  0.2    0.333]]
8	4	12	6	0.22917	[[ 0.444  0.     0.222  0.278  0.222  0.222  0.056  0.389]]
#try semicircular
8	4	10	8	0.27083	[[ 0.056  0.278  0.278  0.278  0.667  0.111  0.167  0.333]]
8	4	17	6	0.30978	[[ 0.217  0.478  0.348  0.217  0.696  0.217  0.174  0.13 ]]
8	4	32	5	0.31419	[[ 0.243  0.432  0.297  0.189  0.811  0.162  0.162  0.216]]
8	4	31	4	0.42500	[[ 0.429  0.429  0.429  0.286  0.857  0.429  0.229  0.314]]
8	4	12	28	0.34687	[[ 0.275  0.4    0.4    0.25   0.8    0.2    0.125  0.325]]
8	4	15	26	0.34451	[[ 0.293  0.366  0.195  0.293  0.854  0.22   0.244  0.293]]
8	4	15	4	0.39474	[[ 0.474  0.789  0.474  0.263  0.737  0.053  0.053  0.316]]
8	4	34	13	0.34043	[[ 0.149  0.426  0.34   0.17   0.936  0.255  0.149  0.298]]
8	4	12	10	0.30682	[[ 0.273  0.318  0.318  0.273  0.636  0.182  0.182  0.273]]
8	4	13	5	0.27778	[[ 0.167  0.333  0.444  0.222  0.389  0.111  0.167  0.389]]
8	4	9	11	0.30625	[[ 0.45  0.15  0.3   0.3   0.6   0.15  0.2   0.3 ]]
8	4	14	29	0.30814	[[ 0.186  0.349  0.302  0.186  0.837  0.186  0.14   0.279]]
8	4	30	15	0.34444	[[ 0.244  0.311  0.222  0.356  0.956  0.289  0.044  0.333]]
8	4	31	10	0.38110	[[ 0.341  0.561  0.244  0.268  0.878  0.22   0.22   0.317]]
8	4	11	5	0.30469	[[ 0.438  0.438  0.438  0.062  0.312  0.375  0.     0.375]]
8	4	12	8	0.39375	[[ 0.45  0.4   0.15  0.45  0.9   0.4   0.2   0.2 ]]
8	4	9	7	0.28906	[[ 0.312  0.5    0.188  0.375  0.375  0.188  0.062  0.312]]
8	4	12	4	0.25781	[[ 0.312  0.438  0.312  0.25   0.312  0.25   0.     0.188]]
8	4	17	6	0.36957	[[ 0.348  0.304  0.174  0.348  0.652  0.391  0.261  0.478]]
8	4	15	7	0.36932	[[ 0.409  0.409  0.364  0.273  0.636  0.364  0.136  0.364]]
