Index Coding (Basic Antidotes,random) Log File
2012/11/12 15:48:20

N	PIECES	numTDMA	numIndex	epsAvg	epsVec
12	1	19	12	0.32527	[[ 0.323  0.581  0.516  0.258  0.129  0.419  0.     0.581  0.484  0.452
   0.161  0.   ]]
12	1	25	13	0.44737	[[ 0.395  0.711  0.684  0.474  0.289  0.421  0.263  0.605  0.579  0.474
   0.263  0.211]]
12	1	24	13	0.32883	[[ 0.351  0.405  0.514  0.351  0.324  0.27   0.135  0.432  0.351  0.541
   0.216  0.054]]
12	1	35	23	0.35345	[[ 0.276  0.431  0.431  0.379  0.293  0.397  0.155  0.621  0.466  0.466
   0.19   0.138]]
12	1	19	13	0.33073	[[ 0.5    0.438  0.562  0.312  0.312  0.312  0.062  0.438  0.375  0.438
   0.219  0.   ]]
12	1	28	13	0.39024	[[ 0.268  0.585  0.585  0.463  0.39   0.415  0.171  0.488  0.439  0.488
   0.268  0.122]]
12	1	30	23	0.36635	[[ 0.283  0.509  0.566  0.396  0.208  0.321  0.17   0.547  0.491  0.547
   0.245  0.113]]
12	1	25	13	0.35526	[[ 0.342  0.526  0.421  0.474  0.237  0.342  0.132  0.553  0.368  0.5
   0.237  0.132]]
12	1	24	12	0.37269	[[ 0.333  0.472  0.556  0.278  0.389  0.417  0.194  0.583  0.389  0.639
   0.139  0.083]]
12	1	17	13	0.35000	[[ 0.333  0.567  0.5    0.367  0.2    0.333  0.067  0.633  0.333  0.567
   0.267  0.033]]
12	1	31	12	0.35271	[[ 0.372  0.395  0.465  0.395  0.302  0.256  0.163  0.442  0.512  0.581
   0.256  0.093]]
12	1	23	11	0.32108	[[ 0.235  0.471  0.529  0.324  0.353  0.176  0.     0.5    0.441  0.471
   0.324  0.029]]
12	1	30	12	0.35913	[[ 0.333  0.643  0.595  0.286  0.262  0.357  0.024  0.619  0.429  0.595
   0.143  0.024]]
12	1	20	12	0.34635	[[ 0.344  0.625  0.469  0.281  0.25   0.25   0.156  0.531  0.344  0.625
   0.219  0.062]]
12	1	23	13	0.43519	[[ 0.472  0.583  0.639  0.5    0.333  0.361  0.222  0.639  0.389  0.556
   0.306  0.222]]
12	1	25	13	0.40789	['[ 0.421  0.474  0.605  0.526  0.316  0.395  0.158  0.5    0.447  0.553\n  0.368  0.132]']
12	1	26	23	0.34864	['[ 0.49   0.49   0.51   0.388  0.224  0.306  0.061  0.469  0.429  0.551\n  0.224  0.041]']
12	1	29	11	0.38542	['[ 0.375  0.575  0.425  0.425  0.375  0.375  0.15   0.5    0.5    0.575\n  0.275  0.075]']
12	1	26	13	0.42094	['[ 0.282  0.615  0.564  0.462  0.333  0.462  0.256  0.615  0.538  0.462\n  0.256  0.205]']
12	1	23	13	0.34954	[ 0.361  0.444  0.583  0.417  0.25   0.306  0.139  0.639  0.333  0.611
  0.056  0.056]
12	1	21	25	0.34239	[ 0.37   0.478  0.5    0.348  0.261  0.413  0.109  0.435  0.435  0.478
  0.152  0.13 ]
12	1	21	14	0.33095	[ 0.371  0.4    0.486  0.4    0.257  0.229  0.114  0.514  0.429  0.486
  0.114  0.171]
12	1	15	12	0.42284	0.518518518519	0.592592592593	0.407407407407	0.555555555556	0.407407407407	0.259259259259	0.148148148148	0.555555555556	0.592592592593	0.518518518519	0.296296296296	0.222222222222
12	1	20	12	0.36198	0.40625	0.40625	0.40625	0.40625	0.25	0.5	0.0625	0.59375	0.5	0.65625	0.125	0.03125
12	1	31	12	0.38953	0.46511627907	0.511627906977	0.53488372093	0.46511627907	0.325581395349	0.372093023256	0.255813953488	0.511627906977	0.46511627907	0.511627906977	0.162790697674	0.093023255814
12	1	19	11	0.37500	0.467	0.567	0.467	0.300	0.233	0.400	0.133	0.633	0.567	0.500	0.133	0.100
12	1	19	12	0.33065	0.419	0.419	0.387	0.516	0.323	0.355	0.129	0.581	0.355	0.226	0.258	0.000
12	1	16	13	0.43678	0.414	0.517	0.690	0.483	0.345	0.276	0.345	0.552	0.552	0.621	0.276	0.172
12	1	26	12	0.33114	0.211	0.474	0.421	0.421	0.211	0.316	0.105	0.553	0.500	0.395	0.184	0.184
12	1	19	24	0.34109	0.233	0.395	0.465	0.372	0.395	0.302	0.233	0.512	0.419	0.326	0.209	0.233
12	1	17	12	0.35920	0.448	0.448	0.483	0.345	0.310	0.207	0.207	0.517	0.517	0.414	0.172	0.241
12	1	21	13	0.34804	0.265	0.588	0.500	0.324	0.235	0.324	0.176	0.500	0.471	0.441	0.235	0.118
12	1	24	12	0.37500	0.250	0.472	0.556	0.528	0.389	0.222	0.139	0.667	0.417	0.639	0.111	0.111
12	1	18	11	0.33908	0.345	0.586	0.448	0.345	0.345	0.241	0.138	0.448	0.552	0.345	0.103	0.172
12	1	27	15	0.38690	0.429	0.690	0.405	0.571	0.286	0.429	0.190	0.524	0.357	0.405	0.143	0.214
12	1	17	13	0.36389	0.300	0.500	0.300	0.367	0.467	0.467	0.133	0.600	0.267	0.433	0.300	0.233
12	1	23	24	0.35638	0.298	0.532	0.511	0.383	0.362	0.319	0.149	0.404	0.426	0.553	0.191	0.149
12	1	24	12	0.34722	0.556	0.528	0.472	0.389	0.278	0.278	0.139	0.444	0.333	0.528	0.167	0.056
12	1	19	24	0.33915	0.349	0.488	0.558	0.488	0.209	0.233	0.093	0.395	0.372	0.488	0.233	0.163
12	1	21	12	0.35606	0.394	0.515	0.576	0.424	0.242	0.394	0.121	0.424	0.394	0.515	0.182	0.091
12	1	25	24	0.33163	0.429	0.347	0.531	0.388	0.245	0.286	0.224	0.367	0.388	0.388	0.245	0.143
12	1	22	23	0.34074	0.289	0.467	0.356	0.311	0.267	0.444	0.156	0.511	0.400	0.489	0.200	0.200
12	1	21	12	0.35354	0.303	0.485	0.576	0.364	0.455	0.212	0.061	0.455	0.485	0.515	0.152	0.182
12	1	28	12	0.40625	0.525	0.600	0.550	0.375	0.275	0.350	0.150	0.550	0.600	0.575	0.125	0.200
12	1	16	24	0.37292	0.400	0.575	0.475	0.450	0.275	0.300	0.125	0.475	0.475	0.450	0.325	0.150
