66
54
58
51
52
70
58
53
63
65
70
51
68
49
52
57
51
53
56
46
84
72
61
51
80
71
54
80
59
52
60
80
51
57
68
42
39
58
65
68
71
59
77
55
69
48
59
74
65
56
78
77
78
49
60
55
77
47
87
69
63
38
61
72
62
86
37
91
75
94
57
48
59
68
79
54
69
84
42
63
56
58
63
52
49
41
55
83
67
49
83
60
60
67
62
67
59
86
60
57
49
63
57
72
48
53
69
69
51
66
53
91
73
59
72
80
53
60
56
51
73
42
62
55
61
67
78
67
70
72
84
64
81
51
39
65
47
70
50
73
60
88
57
59
49
54
79
42
89
48
61
51
64
56
76
74
57
56
68
69
51
54
58
59
94
62
55
57
49
75
61
82
65
49
89
59
45
62
75
79
79
72
58
66
65
54
57
61
57
61
59
88
78
76
73
49
46
68
57
55
58
73
59
71
82
63
64
58
66
74
65
52
51
93
77
72
52
58
53
72
54
57
70
65
47
48
96
65
71
56
80
61
62
58
81
76
75
43
51
69
44
61
69
79
63
72
82
53
52
72
65
64
71
53
65
58
56
70
77
74
61
63
77
80
68
61
66
52
76
60
55
61
73
60
57
63
92
80
45
52
86
59
64
71
61
81
78
70
47
62
62
55
60
66
59
66
47
75
49
61
55
56
54
79
87
50
59
45
72
48
63
55
82
78
52
70
78
86
78
70
76
54
55
68
59
75
58
42
53
64
66
48
72
65
68
76
68
62
72
72
70
66
57
44
55
42
40
54
63
87
60
51
74
55
85
46
56
54
43
59
60
53
46
60
66
67
62
56
48
56
56
59
77
47
69
51
54
79
49
70
77
68
64
97
70
59
104
62
57
54
63
54
58
61
58
65
59
48
62
58
68
55
78
70
64
79
64
56
62
56
45
49
58
62
55
81
69
61
59
82
61
53
65
69
50
109
64
83
73
55
69
75
48
76
54
69
75
88
51
52
52
59
72
64
63
84
58
74
74
48
48
57
81
66
53
93
77
59
63
85
76
49
73
55
46
58
64
48
60
47
57
59
85
97
54
71
76
70
66
66
54
74
56
63
66
60
52
51
62
59
68
59
52
78
81
55
63
65
57
50
62
78
79
73
83
59
45
48
55
62
74
45
93
42
98
68
82
46
63
49
79
71
64
39
48
56
44
59
73
55
61
63
48
70
67
45
76
69
61
57
49
72
51
56
53
54
71
66
59
49
54
69
61
70
60
87
48
66
64
46
65
81
63
53
54
73
56
62
55
62
61
61
79
68
74
97
69
50
52
68
58
57
68
88
58
67
51
73
67
56
76
97
60
78
62
74
79
59
54
55
76
63
52
80
56
55
77
61
63
48
64
58
61
68
59
45
73
57
81
95
75
72
58
73
90
64
63
46
77
56
52
53
76
45
49
43
63
55
77
55
59
68
54
74
55
60
56
52
67
58
69
65
75
64
68
54
71
67
58
106
66
65
66
68
60
54
79
71
73
56
76
58
69
71
56
62
62
63
68
56
48
57
66
71
66
58
82
61
62
44
60
72
79
86
91
70
62
58
57
52
54
79
55
70
89
76
71
68
52
70
62
54
51
91
54
49
78
85
58
58
80
74
76
56
83
67
45
65
53
82
62
77
66
67
59
50
64
56
75
70
69
44
80
54
61
68
74
60
82
59
67
69
58
69
77
69
66
72
69
80
56
51
60
54
50
66
54
62
59
54
70
97
66
50
77
92
62
49
42
68
70
75
52
45
90
60
51
48
75
76
65
70
64
61
70
67
55
71
60
76
82
54
67
79
80
52
88
59
72
53
48
63
53
73
52
60
82
50
68
75
61
62
65
46
46
61
65
57
78
54
88
66
74
83
40
64
61
65
56
56
62
48
76
57
70
71
57
73
72
79
54
85
70
74
77
56
73
67
66
72
51
41
60
60
57
60
87
59
51
58
64
57
83
47
78
82
62
56
56
67
66
57
77
47
55
64
59
47
70
42
83
55
59
74
60
58
62
61
62
57
66
61
57
42
57
72
45
68
59
65
45
53
47
63
68
52
88
52
53
58
63
63
64
56
89
50
63
65
83
62
51
73
73
76
67
69
68
68
56
72
65
75
70
58
58
64
85
64
55
65
69
71
84
77
56
63
78
74
59
54
64
54
60
65
57
72
61
78
49
55
61
72
52
68
65
55
57
77
55
46
47
53
76
50
56
68
65
55
55
66
60
95
58
69
78
62
76
78
85
50
51
60
55
58
63
79
46
75
68
50
59
70
62
71
45
59
66
74
42
66
85
84
63
81
52
75
68
67
66
58
78
64
81
46
84
67
66
65
58
53
57
55
46
60
50
66
59
60
73
81
74
42
46
57
69
80
64
53
67
65
65
59
72
73
67
57
61
75
78
61
60
51
48
71
54
76
57
76
44
59
64
62
51
45
66
68
51
63
67
63
46
88
43
74
56
73
72
65
43
63
72
77
77
59
56
64
48
58
67
53
57
57
61
77
61
48
56
62
57
60
78
62
57
52
48
57
75
70
84
54
62
55
63
84
58
82
49
71
82
68
46
65
50
50
70
78
52
84
70
64
66
73
62
71
77
61
61
68
58
63
54
65
67
76
51
86
64
68
64
46
78
86
51
84
51
64
78
76
78
62
64
64
59
44
73
88
83
82
48
73
54
60
59
50
53
73
65
53
54
85
60
71
52
55
55
92
57
67
61
51
80
68
80
74
70
56
67
78
50
63
70
64
53
70
62
70
57
49
54
69
51
44
81
60
44
57
76
68
62
62
71
60
69
70
45
70
83
71
72
42
51
63
58
76
54
75
79
58
73
71
78
57
76
96
55
72
43
75
64
58
53
77
60
61
65
89
85
62
67
59
60
89
67
58
74
59
51
68
76
55
60
65
58
55
48
55
52
56
56
65
59
59
55
50
55
61
69
48
66
66
66
44
51
69
57
91
57
69
59
55
60
56
67
62
78
59
51
48
44
60
45
57
72
49
55
46
70
76
63
53
61
55
50
82
78
54
74
60
59
60
56
89
70
61
53
63
56
61
51
69
64
88
56
49
58
57
56
64
57
81
72
83
71
63
65
61
71
47
53
53
71
65
72
80
58
75
43
47
60
53
103
73
56
47
52
52
57
51
69
60
56
69
50
48
54
63
77
45
50
59
67
71
67
57
47
63
70
41
67
66
61
46
55
53
71
80
51
57
58
73
58
52
71
50
45
48
76
55
59
80
51
48
55
45
58
67
74
55
54
68
54
