40
44
39
38
53
37
37
41
45
42
43
39
47
55
49
49
45
45
40
45
38
36
44
37
47
42
46
41
47
38
53
39
38
50
54
43
44
38
37
44
50
55
47
51
44
38
36
43
39
44
43
46
43
43
40
48
35
37
40
42
38
53
43
45
39
51
48
40
49
47
40
38
40
49
41
44
58
44
38
41
40
36
43
44
43
45
44
37
44
42
48
43
40
47
44
42
41
44
43
45
39
40
44
47
42
46
36
43
41
42
41
48
52
43
39
36
40
49
41
58
60
54
42
42
47
44
41
47
52
45
43
39
51
41
45
39
49
41
39
38
44
53
44
41
46
40
43
42
42
40
44
41
56
46
40
42
47
36
41
45
33
44
64
45
40
40
53
42
42
42
50
39
48
54
37
38
45
53
54
48
40
49
43
46
41
41
40
40
36
47
44
44
43
45
50
44
38
43
54
49
44
42
36
39
39
46
54
50
40
37
47
46
41
38
40
43
46
45
40
48
45
48
50
48
42
42
39
52
45
40
52
46
46
45
44
33
52
42
48
38
41
48
44
50
43
36
41
41
41
40
39
39
48
46
51
43
43
44
41
40
39
42
42
47
38
51
43
40
45
46
46
40
42
40
41
43
45
43
48
54
44
48
59
36
48
39
54
57
42
54
48
55
52
46
37
43
37
48
44
45
47
45
41
51
45
53
42
49
40
51
43
40
40
49
40
42
49
52
41
57
50
48
41
39
39
33
42
48
40
38
47
39
50
47
40
41
50
43
39
42
44
39
47
39
42
53
45
41
41
56
54
50
40
48
38
43
44
43
46
48
53
41
50
48
47
38
35
45
42
40
39
60
46
47
46
45
41
46
46
52
36
43
48
37
41
38
40
50
35
44
40
49
54
50
46
41
42
45
41
36
48
41
40
47
38
41
45
39
40
44
37
49
53
45
41
47
53
38
53
48
45
43
40
37
39
49
50
44
48
38
47
45
55
49
42
42
43
45
51
42
44
45
45
42
38
42
48
44
50
37
40
44
41
45
40
40
44
45
37
41
37
45
45
46
38
48
35
40
43
53
39
40
39
50
58
45
42
43
37
53
45
45
44
39
46
46
48
42
42
42
43
42
39
43
45
41
44
41
44
44
47
39
43
48
42
58
49
50
45
39
49
44
37
50
41
41
44
44
59
52
37
41
44
45
50
41
46
50
36
43
42
44
41
45
44
43
41
41
34
43
49
49
44
42
46
53
41
40
42
44
46
35
42
47
45
41
37
54
46
42
46
50
44
36
45
40
43
40
45
49
37
47
51
52
49
45
49
47
39
38
47
45
39
48
50
40
42
44
43
46
47
43
42
42
46
40
42
44
33
45
41
50
51
44
49
47
42
45
50
42
47
52
42
47
48
45
37
46
46
51
42
39
44
51
44
53
40
41
56
42
50
40
49
49
52
52
49
47
52
40
40
48
39
43
43
43
40
43
53
43
43
42
39
43
42
41
37
41
39
41
50
47
44
40
55
49
37
56
43
46
42
43
43
44
43
42
44
47
40
42
41
42
48
45
42
58
43
47
48
44
43
44
40
46
44
44
42
34
41
61
51
47
49
43
46
45
43
45
43
47
51
43
39
42
50
37
52
41
36
46
51
44
47
46
37
44
57
39
59
50
45
50
50
45
44
41
41
47
49
43
41
42
38
46
48
43
41
40
47
53
45
46
48
51
39
44
44
50
39
35
58
40
37
43
39
56
51
46
41
48
45
41
42
45
48
46
53
51
52
44
42
47
45
48
37
38
44
41
39
39
42
46
46
41
41
44
41
40
37
37
44
50
42
51
46
41
48
43
50
45
43
34
40
57
45
38
47
43
40
49
38
40
50
39
51
48
39
38
40
46
46
49
46
40
40
42
42
40
51
44
56
40
40
44
36
48
35
43
41
52
42
41
49
49
55
42
50
46
37
41
55
41
45
46
38
46
41
47
39
41
37
53
39
50
46
41
50
50
45
47
46
41
38
46
41
46
49
48
36
44
43
42
46
46
45
53
44
51
48
38
41
46
45
44
45
41
44
48
50
49
47
44
42
42
43
46
55
47
44
50
45
44
49
41
43
47
56
42
41
51
43
50
44
49
40
39
49
38
40
37
43
37
50
45
45
48
46
47
45
56
46
48
41
40
47
50
41
43
42
44
48
38
44
46
42
45
42
42
35
35
54
37
37
41
46
50
46
41
43
50
38
49
45
47
42
47
47
45
47
42
48
52
44
43
44
43
42
40
49
42
42
46
49
47
46
54
50
47
40
45
50
42
37
44
38
44
40
46
43
52
45
50
39
48
51
41
45
41
46
49
44
47
43
46
48
39
40
44
44
52
45
50
46
38
41
46
48
40
46
44
38
39
45
45
43
46
48
42
42
46
48
43
45
43
39
46
44
55
55
46
47
41
46
37
49
44
48
50
45
43
48
37
41
46
40
38
52
40
42
51
41
40
51
43
48
37
42
48
49
40
41
46
42
42
35
47
45
47
47
55
44
37
39
53
46
48
42
51
39
52
42
43
42
43
43
47
46
43
44
52
45
43
42
48
52
51
44
41
45
38
47
45
45
40
42
45
46
39
46
45
50
44
40
38
39
43
39
44
42
46
44
48
45
43
41
44
41
51
43
38
45
47
40
40
45
51
44
54
38
44
35
56
51
43
44
42
46
47
47
39
43
44
36
48
40
40
45
50
50
43
43
48
41
43
48
50
46
45
53
41
48
48
39
51
48
47
57
48
45
43
43
39
41
39
40
47
39
39
48
41
51
43
45
50
42
47
46
41
41
51
50
49
36
47
43
48
43
43
51
56
37
46
39
36
41
40
41
43
48
42
48
44
43
47
42
36
43
51
50
40
56
39
42
37
45
40
45
45
41
52
47
41
45
39
40
44
43
40
42
40
44
44
41
42
54
51
45
37
43
43
45
38
40
46
44
39
37
47
44
48
46
44
39
43
41
46
41
44
41
38
45
44
46
42
44
47
42
37
40
47
45
44
43
40
38
41
37
43
52
46
42
38
38
42
39
42
44
43
47
47
43
42
47
46
39
38
43
39
39
40
39
41
51
38
45
45
50
43
38
51
41
47
47
48
50
40
39
46
35
54
49
43
40
41
52
42
53
46
50
42
55
35
39
42
48
43
43
47
41
53
48
38
38
47
37
45
47
44
45
39
38
43
38
35
37
40
41
44
44
41
40
38
41
44
42
50
47
44
41
38
35
51
39
38
51
38
42
48
40
44
52
48
44
35
39
39
44
39
45
45
45
51
42
39
50
41
