33
39
55
62
38
36
44
33
41
46
43
43
49
51
41
62
46
48
40
44
38
43
44
39
38
54
26
35
42
49
40
55
35
43
41
45
41
47
41
46
37
55
35
49
38
44
39
56
52
43
45
53
36
40
58
29
48
55
55
42
58
53
50
43
68
36
40
42
39
39
42
33
41
37
58
51
40
60
70
53
48
42
47
43
42
51
48
33
43
49
49
51
30
48
37
49
59
52
46
45
58
38
56
43
45
77
55
46
47
37
48
74
53
39
36
60
40
58
52
47
44
34
41
55
43
47
41
28
40
45
46
50
37
57
53
42
60
54
40
65
69
42
43
52
44
39
28
39
47
52
37
44
34
76
48
43
64
45
55
43
48
51
67
38
32
54
56
35
43
31
42
52
31
40
62
35
39
69
32
42
46
38
41
46
37
61
31
55
52
35
36
39
42
34
44
32
42
42
54
60
52
34
55
39
49
40
41
41
45
49
29
38
44
43
48
55
35
53
43
32
41
54
43
44
36
36
39
41
41
52
62
39
38
43
38
38
29
39
39
34
42
32
41
38
49
49
56
39
32
49
32
48
44
52
39
34
65
52
36
32
46
42
59
36
44
31
45
43
35
55
36
36
44
37
35
33
33
45
37
42
73
41
48
32
43
47
47
31
35
56
41
46
38
40
42
51
40
48
55
39
44
38
47
39
56
44
42
37
47
36
44
58
36
40
60
40
34
38
40
50
55
47
42
40
47
49
50
32
44
33
52
39
39
39
46
43
58
32
62
33
43
40
32
38
39
46
32
64
44
45
44
53
53
52
44
39
43
50
36
41
42
34
43
35
42
40
50
59
33
45
36
38
49
42
39
35
36
49
49
33
48
37
39
42
29
48
51
36
48
39
68
37
42
43
55
65
65
54
51
37
36
36
55
44
39
49
40
36
34
41
44
43
68
38
59
42
41
47
53
41
48
46
49
40
38
52
39
30
34
60
48
49
38
45
36
29
47
29
42
40
47
33
46
40
52
50
38
52
44
41
72
59
47
42
47
51
48
53
36
46
39
56
41
63
37
43
33
53
47
49
42
47
50
53
48
67
43
32
42
45
44
45
35
34
36
51
69
38
42
59
50
45
38
38
65
42
49
57
36
51
62
80
35
41
31
37
43
54
44
40
58
44
43
39
48
46
44
44
40
56
44
41
53
30
38
40
58
37
29
55
48
55
51
43
48
50
38
63
38
52
43
36
35
38
48
41
37
41
66
34
37
38
42
34
37
30
37
42
51
47
49
41
43
45
35
32
48
40
51
41
43
36
44
33
42
43
48
32
54
37
39
70
68
48
64
48
29
50
61
47
49
43
57
34
41
61
48
56
49
43
30
41
69
34
38
37
53
38
66
52
57
56
50
65
36
62
51
46
39
38
48
33
58
48
34
49
53
47
36
42
32
52
33
35
52
29
48
39
46
37
55
63
42
55
51
36
40
55
37
49
34
54
51
34
78
66
44
40
36
43
34
42
52
34
53
49
35
50
47
34
43
53
45
48
38
34
50
66
46
53
47
47
46
39
64
43
34
50
34
49
37
36
41
34
61
49
32
48
62
35
49
28
50
50
61
48
54
36
47
69
35
37
42
54
59
74
51
43
41
40
47
56
56
41
48
50
44
39
59
41
46
34
56
54
36
50
32
39
58
38
45
36
51
40
51
50
71
34
33
51
43
35
52
51
45
34
41
37
43
47
54
34
41
47
42
57
33
36
55
33
59
41
38
41
49
49
40
48
41
46
38
37
46
38
33
56
34
38
41
52
33
31
54
29
48
45
46
41
37
44
37
39
38
52
40
55
36
47
36
56
32
55
50
36
67
45
49
58
45
57
37
30
35
52
44
45
37
54
36
47
35
40
39
54
48
56
33
38
33
47
36
54
43
26
45
38
44
37
36
63
37
28
39
41
44
57
50
56
39
59
39
49
47
34
52
37
44
44
47
58
43
37
56
30
45
46
45
33
41
33
49
40
38
53
34
46
48
46
66
61
52
61
43
40
48
43
59
40
49
34
41
41
42
46
61
53
56
41
41
68
42
35
47
44
40
44
43
39
37
41
40
35
35
46
54
47
41
42
37
34
40
47
49
36
42
41
40
38
39
41
33
35
43
45
56
62
42
31
42
36
49
37
48
36
34
42
39
42
35
38
47
58
48
32
43
52
43
42
42
62
56
56
47
40
47
35
37
52
46
66
40
37
37
33
45
46
34
38
45
53
43
42
49
46
53
44
46
33
69
53
55
42
68
30
36
35
45
44
52
33
48
53
34
47
53
39
30
42
51
39
46
49
32
51
46
48
53
38
39
51
43
44
40
46
40
60
46
45
43
37
40
46
36
40
39
64
36
49
35
51
43
37
57
49
46
45
40
34
37
58
51
42
40
55
40
35
46
51
53
45
40
44
45
40
40
48
42
52
41
60
37
55
51
41
37
33
37
34
34
72
43
44
40
48
65
46
48
49
48
45
35
39
42
53
37
38
38
49
47
34
33
46
41
39
46
45
35
52
42
41
49
59
32
46
51
35
59
44
40
39
51
50
42
38
43
44
40
67
63
35
35
30
55
57
52
40
46
46
33
41
41
50
44
45
33
53
34
63
55
43
55
46
43
32
34
47
50
42
31
52
36
49
48
36
47
47
50
43
29
44
52
45
57
55
37
42
53
37
50
44
50
62
40
43
33
51
43
36
47
33
27
37
40
51
34
55
44
44
41
50
38
33
50
38
39
46
39
31
45
39
39
52
42
50
39
47
48
56
44
49
51
34
39
38
35
39
70
42
52
42
44
32
37
57
52
45
38
51
57
33
46
49
69
38
38
37
49
38
58
37
50
52
46
37
43
45
52
31
55
49
36
41
59
35
43
47
39
36
38
40
29
55
49
52
40
38
51
33
53
39
43
42
52
40
42
50
33
41
39
44
63
38
46
38
51
66
59
44
42
59
42
42
55
45
47
64
35
35
37
45
40
37
66
43
36
41
36
43
59
42
52
48
42
36
46
41
37
45
60
51
40
31
44
31
34
34
38
41
45
41
42
72
50
55
54
43
46
35
38
43
52
49
34
45
62
51
39
42
38
38
44
37
44
36
42
52
71
46
39
62
38
44
47
44
47
50
34
44
36
41
36
48
29
55
36
43
50
50
38
47
34
39
31
30
32
53
58
36
37
39
34
42
52
65
41
37
37
39
57
40
36
57
35
48
42
38
53
34
33
37
71
62
60
38
43
56
52
49
49
32
41
40
41
54
43
41
35
32
51
38
32
39
47
36
44
40
36
46
52
34
50
58
43
41
32
35
46
35
39
53
37
42
42
49
48
43
36
46
44
46
42
37
58
50
35
33
31
38
52
59
38
45
47
33
60
38
52
58
45
31
51
37
37
40
35
47
48
40
54
43
35
49
36
48
47
39
35
40
57
38
67
37
44
64
51
64
30
44
40
53
32
46
37
45
45
43
36
37
44
42
40
44
53
33
41
39
46
56
45
34
35
43
32
70
39
51
57
49
31
54
36
46
41
33
61
38
42
36
44
39
37
56
38
44
40
40
56
28
39
49
46
34
58
44
51
29
40
46
37
37
35
46
32
36
46
54
47
39
41
59
44
35
32
51
40
52
36
54
51
37
43
34
45
47
43
47
43
52
41
32
44
31
47
43
51
34
42
50
62
41
39
38
44
51
43
42
43
58
37
52
45
42
51
30
34
40
75
42
42
30
55
47
57
62
40
45
48
40
60
56
57
50
38
37
42
40
59
45
53
47
31
41
64
57
56
51
53
35
54
60
48
37
41
45
36
48
68
41
55
32
56
74
52
37
61
55
48
43
47
43
43
60
48
43
45
48
47
33
44
33
38
31
50
47
41
39
43
40
34
31
37
37
35
44
41
56
43
52
64
33
42
41
35
40
49
32
34
60
29
41
49
41
32
37
38
51
48
53
37
38
51
45
44
44
46
48
31
48
65
48
40
53
61
42
45
37
47
46
47
35
43
35
44
41
39
52
54
43
51
47
41
48
52
42
54
41
48
39
29
42
57
47
44
49
50
37
49
45
55
64
43
45
46
45
51
31
51
42
40
38
46
45
58
44
67
57
46
35
46
48
50
49
52
34
37
39
38
35
35
40
34
40
47
38
34
68
48
40
45
34
51
45
55
46
37
58
44
53
69
37
36
34
46
42
38
39
49
67
44
44
42
40
52
47
34
36
56
28
53
38
41
37
46
42
47
45
41
45
32
56
68
43
49
37
47
44
33
56
33
41
37
57
41
31
53
42
41
47
57
57
53
46
43
49
44
45
49
36
42
57
54
54
48
39
64
39
35
55
30
47
52
43
38
33
32
33
52
48
39
62
47
53
45
39
31
37
41
48
33
47
36
33
51
44
37
48
50
39
31
50
37
49
40
63
47
45
44
34
31
42
44
38
53
37
49
33
43
39
42
54
41
36
35
70
55
43
49
49
57
63
85
46
31
52
35
48
32
38
52
37
45
45
43
40
49
46
34
49
38
35
33
58
34
57
47
40
79
42
43
35
67
39
44
42
46
33
34
41
37
32
40
37
51
57
40
49
41
32
48
45
39
32
48
44
60
54
38
42
43
43
35
38
38
51
41
40
34
50
46
48
34
45
57
45
47
38
40
37
42
50
59
37
34
51
57
37
52
67
48
67
39
52
45
36
36
39
56
33
37
48
45
60
49
48
43
66
44
40
52
51
39
39
38
33
45
40
44
35
29
66
39
51
43
52
40
32
31
45
59
39
48
32
48
68
62
45
49
61
47
35
37
48
50
32
60
61
43
36
36
46
39
68
47
50
68
41
48
45
49
48
55
38
52
47
45
41
42
33
54
39
69
39
39
35
38
44
34
38
37
51
34
29
42
35
45
39
50
49
41
39
62
38
37
47
50
50
36
51
37
56
51
37
33
75
54
58
39
39
39
57
34
42
39
35
40
33
51
43
45
78
34
41
49
49
44
53
63
45
28
40
35
41
48
38
75
30
30
45
41
35
54
49
53
62
51
61
35
30
47
59
42
65
34
70
53
52
59
52
38
55
48
51
40
52
50
39
50
37
44
47
61
64
50
79
51
38
49
35
59
53
45
37
60
44
44
37
69
38
38
50
44
34
40
40
57
38
56
44
33
46
60
36
36
35
46
49
56
38
46
40
51
33
45
55
41
35
40
47
48
49
37
41
39
32
56
34
32
64
56
31
46
40
44
36
28
47
39
42
44
46
53
47
41
52
31
39
44
44
51
35
52
33
42
42
43
50
39
38
37
46
39
53
52
45
45
31
32
51
44
43
30
50
53
46
55
49
32
47
38
50
34
44
43
60
46
43
40
38
67
34
47
41
55
36
43
48
58
43
36
38
59
44
32
50
33
48
52
45
41
42
46
41
37
42
53
45
58
31
56
77
33
41
48
50
40
65
39
36
48
47
35
43
50
30
31
35
62
39
48
39
48
45
57
41
62
