47
64
46
40
39
47
66
59
58
55
47
54
45
60
71
41
53
49
60
44
49
65
45
59
46
46
66
50
51
53
45
44
42
42
55
68
41
52
54
64
53
50
47
44
46
43
50
62
50
50
49
44
50
48
51
57
44
38
53
56
38
41
53
46
42
48
49
63
61
57
53
64
47
52
36
51
45
45
49
51
48
57
52
60
72
48
46
58
54
63
42
61
40
50
35
60
51
71
49
47
54
50
46
47
55
59
46
42
44
60
55
54
47
50
48
49
55
63
54
50
57
42
43
44
52
43
46
59
47
40
57
45
55
57
55
53
65
46
49
51
61
52
50
36
51
45
51
60
47
46
42
52
53
45
42
55
47
41
62
45
47
40
75
52
52
50
45
54
53
56
57
72
47
45
60
49
47
63
54
67
62
48
72
59
49
39
52
47
44
61
68
52
50
55
47
46
67
55
50
51
47
58
44
48
45
48
55
49
50
71
59
58
70
45
49
56
62
57
49
53
41
57
51
66
50
59
53
49
48
52
49
43
45
67
48
62
45
60
46
65
50
39
59
49
42
51
48
47
52
57
55
55
57
51
53
46
46
50
48
55
55
55
43
50
50
45
51
66
49
56
42
46
47
40
44
50
47
42
52
49
44
60
60
43
50
66
56
53
55
44
54
42
52
55
45
46
44
41
55
55
51
49
52
44
55
55
52
46
55
59
55
55
48
61
58
53
44
48
45
51
42
40
52
48
40
52
46
56
52
50
62
48
70
56
51
50
62
55
49
50
56
50
46
55
53
53
57
50
60
48
49
45
43
55
66
50
46
49
55
50
46
55
53
45
69
53
47
52
50
46
51
59
40
48
54
59
63
54
50
39
56
58
60
61
45
57
47
46
49
58
65
46
51
48
68
49
51
52
53
50
43
46
57
48
45
57
57
54
60
64
62
45
62
61
51
54
45
47
50
55
43
48
51
45
58
56
59
46
53
64
56
44
61
58
54
61
42
52
48
48
43
58
41
48
47
54
61
55
58
44
56
39
49
64
47
57
50
44
51
42
53
41
63
61
49
69
46
57
47
50
48
57
51
62
57
53
49
44
50
43
58
41
43
49
54
47
48
54
68
45
43
49
57
60
39
45
58
68
55
35
53
48
38
52
48
42
47
42
55
49
52
63
47
41
52
49
48
38
54
50
39
40
45
39
51
51
65
48
51
45
65
42
45
46
47
44
56
46
53
49
57
47
51
56
48
44
44
76
47
45
56
58
58
44
57
63
48
45
37
46
49
47
44
56
42
42
53
41
41
54
46
54
53
55
60
42
44
53
51
37
56
50
62
47
52
47
41
50
54
52
61
44
51
63
59
54
50
48
37
50
57
42
45
58
51
60
46
46
46
51
40
43
66
45
45
43
67
65
41
54
37
49
59
45
62
51
49
49
50
47
59
42
44
38
40
60
52
53
45
51
63
59
55
49
45
62
47
50
46
56
44
42
39
53
58
52
51
79
55
50
51
62
40
47
38
45
48
49
46
54
45
49
44
45
39
51
43
45
46
40
58
55
48
58
54
48
46
50
60
42
47
52
37
48
45
59
51
49
49
39
57
68
60
47
39
53
56
54
39
44
48
54
53
57
46
53
54
46
45
47
45
61
60
50
42
54
43
52
50
49
54
44
51
55
54
56
43
70
64
49
55
43
52
40
56
55
48
43
50
44
49
41
42
52
43
43
52
38
51
54
51
64
50
48
61
56
49
59
53
54
52
64
57
51
59
55
52
52
57
60
52
46
71
51
53
54
41
58
49
51
56
54
54
51
50
42
58
43
36
57
55
59
58
51
50
51
53
45
53
58
41
49
53
57
49
37
40
56
50
44
55
53
41
51
57
50
50
52
51
52
56
52
54
65
51
41
48
54
40
52
47
45
61
42
61
66
70
58
49
51
65
57
45
60
55
44
49
43
61
61
58
50
53
59
52
52
71
55
55
49
59
38
52
57
71
50
44
41
50
47
53
48
55
49
47
57
42
52
44
60
55
45
46
39
60
52
55
47
57
62
51
51
49
60
55
50
42
50
46
40
56
49
46
43
57
51
60
39
40
45
49
41
41
49
52
50
48
42
51
50
57
42
40
35
58
53
48
50
45
48
50
55
49
48
59
71
41
45
46
52
67
53
44
47
45
49
52
66
44
42
48
59
47
38
63
63
54
53
52
44
56
52
58
56
48
47
45
41
50
42
49
58
62
51
55
48
53
48
48
68
41
49
51
56
57
49
49
39
56
48
57
42
41
47
60
66
40
71
43
48
48
39
43
49
56
45
51
59
50
47
55
49
59
55
48
51
41
48
47
39
52
46
49
46
52
71
54
56
46
54
46
47
57
64
55
60
48
49
57
52
48
48
46
57
51
64
53
44
43
45
46
45
57
56
55
42
67
53
56
60
57
72
55
54
47
45
48
59
47
64
50
38
59
51
52
57
51
50
42
49
51
57
56
48
48
62
49
41
41
50
51
50
57
57
66
50
67
46
48
49
58
56
52
55
41
43
43
43
70
60
38
55
49
59
46
53
45
45
49
43
46
62
53
47
62
46
52
49
54
45
62
44
64
64
67
41
53
59
59
52
41
49
49
48
44
42
43
56
55
50
39
52
43
38
47
56
52
50
61
43
51
46
56
49
43
47
56
53
50
39
47
46
50
43
60
44
59
40
43
48
58
57
45
55
53
41
44
47
44
46
49
50
67
46
48
71
51
53
47
41
57
58
50
45
51
50
52
42
58
51
49
47
47
53
51
42
54
49
49
45
56
54
49
48
49
53
59
66
53
64
50
56
57
43
49
60
50
49
56
47
56
50
65
41
60
42
65
47
56
53
51
42
55
49
40
44
56
66
49
49
43
44
41
56
60
45
41
54
58
54
60
47
46
38
43
62
40
48
51
44
58
56
54
60
43
56
45
52
48
56
56
52
59
48
49
48
54
45
47
47
54
46
46
47
42
58
47
56
44
57
63
49
44
48
47
51
47
45
41
54
55
58
53
42
45
51
41
42
49
54
61
42
45
59
75
50
53
70
49
44
48
45
48
44
55
51
62
39
47
42
60
64
43
42
41
58
47
51
46
52
71
52
44
50
40
65
43
42
45
48
51
55
51
53
55
43
50
44
67
51
48
59
51
56
46
50
42
60
67
45
48
60
58
43
37
47
65
53
49
65
50
48
37
54
52
47
60
63
52
50
57
71
46
42
51
54
59
59
61
46
60
53
51
59
62
37
51
60
49
69
49
55
62
42
55
53
63
56
49
54
46
49
52
57
