57
49
67
56
67
61
47
57
80
53
60
45
66
44
50
39
37
52
39
56
42
48
53
44
52
61
90
50
59
60
53
39
59
46
63
56
38
48
33
79
69
57
51
71
52
49
66
41
91
50
70
45
59
51
74
45
58
63
62
87
69
49
57
36
67
65
48
55
58
43
39
48
48
54
53
62
62
56
44
46
39
50
46
74
56
56
53
58
78
56
77
63
73
41
44
55
61
39
43
46
40
53
54
57
52
60
40
73
42
60
62
56
59
61
56
57
47
52
42
47
57
63
49
48
40
50
63
39
42
43
62
45
46
65
55
40
51
54
78
57
52
45
39
52
60
51
57
53
51
61
53
58
44
54
58
52
39
50
59
46
43
67
59
76
46
62
41
59
52
46
57
66
52
56
46
74
75
68
89
68
47
49
40
70
51
65
68
58
66
41
56
45
57
36
51
44
52
50
51
43
53
63
44
41
60
43
63
61
57
48
47
45
47
36
57
42
54
79
49
46
44
59
63
43
53
42
47
62
73
69
55
54
36
56
49
54
61
59
54
74
44
35
56
46
41
66
54
57
62
37
50
44
46
57
44
64
53
36
47
50
37
68
43
54
48
55
36
56
47
54
54
49
44
53
44
53
61
82
38
67
54
39
52
73
54
44
59
54
66
50
64
60
80
58
62
42
47
72
50
78
74
36
51
48
56
71
41
47
55
57
53
74
71
50
62
42
58
77
52
60
50
44
45
55
54
40
53
42
55
53
51
41
39
55
63
54
50
69
50
53
51
83
48
39
36
38
34
73
53
64
57
40
63
49
40
44
55
79
47
39
78
34
48
43
67
61
48
39
51
63
43
52
41
65
45
41
58
37
42
57
45
67
51
62
61
50
45
79
43
64
42
48
39
50
44
66
52
57
45
58
45
62
57
65
61
65
41
45
48
43
46
50
52
55
44
66
47
46
67
59
46
55
45
44
68
50
51
46
48
59
57
37
78
50
51
48
59
38
65
57
63
56
61
40
55
76
71
84
56
60
58
44
56
51
47
45
46
45
45
47
80
59
54
51
83
61
35
50
49
49
39
55
41
64
45
56
58
50
50
66
53
69
60
57
55
43
50
47
45
79
64
75
75
40
57
36
46
54
69
45
53
52
56
55
45
61
38
43
46
70
51
79
62
56
49
53
56
48
58
62
48
53
54
59
54
61
63
47
52
35
54
41
51
58
51
50
40
36
63
57
87
46
75
53
49
46
46
45
47
63
69
52
60
44
48
64
61
58
37
54
53
47
66
45
55
49
53
39
55
65
52
50
62
53
54
75
57
44
80
50
82
43
52
38
46
48
48
53
39
43
48
65
43
55
46
47
48
48
56
65
50
66
52
43
55
51
54
60
52
53
51
49
37
63
65
47
43
45
64
41
48
65
64
75
48
72
61
52
51
55
42
52
52
54
53
48
49
58
57
52
44
64
36
35
61
46
55
49
56
65
44
61
40
46
79
77
56
47
57
52
82
56
49
75
71
39
53
56
52
47
48
40
92
65
65
60
58
50
36
70
45
55
55
50
57
57
47
44
53
47
68
53
45
68
49
54
56
31
64
67
55
52
57
46
56
60
87
50
66
44
66
57
53
47
55
56
59
47
42
59
42
39
73
50
66
47
47
36
66
53
58
61
49
31
51
48
55
32
60
41
46
43
54
44
41
82
37
52
42
68
44
36
48
49
54
68
65
49
55
76
53
46
44
64
54
45
67
43
47
61
50
49
51
53
41
40
49
45
50
61
41
55
42
76
44
50
42
56
62
48
40
59
57
57
40
53
51
57
40
55
46
56
50
47
60
57
46
36
48
52
72
58
47
48
62
58
51
40
60
57
61
38
67
42
76
58
56
53
36
55
52
43
41
47
38
78
71
60
57
57
51
69
51
65
74
54
54
58
58
53
54
64
65
49
57
64
45
38
47
68
50
92
46
43
57
51
57
44
49
56
43
48
53
69
60
46
38
52
58
53
44
53
64
35
99
44
51
37
64
47
52
62
69
57
48
55
61
47
49
60
57
64
45
62
64
49
50
73
47
53
65
59
48
60
40
78
54
85
51
54
49
62
61
52
53
54
47
41
51
64
58
42
69
52
61
84
70
73
54
65
60
40
51
71
45
62
48
53
40
60
48
72
68
45
44
41
54
44
44
45
63
64
54
80
47
42
53
49
51
67
45
48
74
57
59
57
37
54
66
69
34
51
40
47
89
43
58
65
71
53
47
55
47
66
41
57
57
49
63
65
47
50
43
56
52
39
45
45
57
65
58
67
47
57
61
47
40
42
68
63
65
54
52
46
67
42
51
57
71
63
54
48
68
49
64
45
51
53
51
59
72
46
55
46
40
48
50
42
43
48
47
71
41
53
51
54
63
61
51
49
46
70
50
58
68
47
55
41
44
42
49
50
54
83
62
42
76
50
65
41
63
63
76
56
54
62
61
57
34
52
50
43
62
49
49
54
46
65
38
63
69
50
42
62
35
47
59
52
50
39
53
55
42
41
49
35
63
65
75
45
44
51
54
47
47
46
57
83
63
56
46
51
57
49
57
49
58
62
68
63
56
41
82
59
53
54
69
65
69
44
74
59
64
45
47
53
51
48
64
55
69
62
47
56
48
55
41
42
51
37
39
58
60
65
48
57
80
42
75
51
66
63
42
62
54
47
72
61
47
49
64
36
76
46
38
50
48
58
47
38
62
38
45
45
57
54
74
65
60
57
35
50
44
52
47
44
54
61
48
68
46
49
49
42
37
42
60
47
45
48
48
50
55
48
68
61
54
65
44
38
59
63
44
73
44
57
53
52
77
71
57
59
57
36
52
51
58
76
48
61
55
92
56
48
53
59
53
41
59
61
38
54
57
40
56
58
54
47
59
74
47
54
52
49
53
46
60
45
52
63
44
54
57
35
50
66
72
51
62
67
54
54
43
54
51
62
58
42
92
59
42
53
55
69
73
72
47
62
51
52
54
70
54
49
52
71
53
47
70
62
44
50
57
48
55
55
92
70
40
52
51
65
47
52
74
52
78
58
46
61
56
53
42
62
60
51
57
64
53
92
61
50
52
39
38
48
71
62
51
48
46
49
57
52
54
47
41
61
70
58
53
56
70
59
43
45
41
58
57
49
41
46
62
63
33
49
56
37
42
48
66
67
46
69
52
62
48
64
57
49
49
60
66
59
56
56
66
53
44
61
57
63
86
47
34
57
54
67
45
40
46
62
61
47
68
46
54
46
44
81
54
50
56
52
47
47
54
35
39
57
53
79
53
58
