42
40
46
36
37
39
36
43
58
46
42
37
44
46
33
34
43
51
36
41
38
35
39
35
43
45
38
36
48
57
39
41
49
49
44
55
33
42
47
50
47
38
49
54
40
55
44
60
35
50
40
39
42
50
42
47
44
37
61
36
47
48
50
34
52
46
57
41
43
46
47
40
38
44
49
45
46
52
52
55
46
37
53
41
50
38
37
39
41
37
32
46
36
34
49
37
49
53
46
38
41
46
41
41
35
48
35
51
44
52
50
50
37
39
47
44
46
47
50
48
44
35
41
46
34
57
43
49
38
42
31
36
41
37
47
40
58
46
37
41
36
43
43
33
36
38
43
58
32
46
55
57
39
38
46
57
49
37
37
37
46
44
41
33
44
45
48
61
48
60
50
46
35
47
42
43
47
39
44
44
34
57
46
39
48
40
37
47
51
41
44
48
47
40
50
44
43
46
40
42
34
49
46
51
50
48
53
54
52
37
36
42
36
43
46
46
49
48
44
37
35
48
35
51
49
37
45
39
51
46
48
42
38
38
38
47
42
45
49
40
49
56
42
38
48
38
71
52
37
47
41
45
43
47
45
53
45
47
50
43
39
46
39
43
37
42
35
50
38
40
42
39
39
41
45
41
35
43
38
49
48
40
47
40
43
41
47
47
37
48
41
35
36
57
37
48
47
36
37
46
46
35
57
35
39
48
44
45
35
41
39
36
48
47
44
57
49
68
44
37
60
50
45
46
41
46
45
33
43
48
37
41
44
44
50
35
33
37
37
40
53
44
52
48
39
47
51
43
52
46
37
43
32
37
50
44
40
41
38
44
43
37
64
42
43
61
42
45
42
49
42
44
39
45
32
44
36
41
40
45
46
41
37
49
57
39
53
41
46
42
48
46
55
37
54
44
55
50
37
64
47
48
37
42
33
55
49
38
46
41
39
46
46
46
32
41
57
51
36
37
48
48
50
47
35
42
32
44
41
44
46
42
43
58
41
43
43
43
42
48
43
46
33
53
40
40
46
39
44
53
52
44
41
42
34
47
52
64
33
39
40
48
43
51
37
39
40
44
48
53
42
49
40
37
43
44
51
41
39
45
33
43
46
62
38
42
47
48
47
44
47
48
38
54
46
45
39
48
56
37
59
42
37
44
40
59
47
52
57
42
38
44
36
55
53
46
45
49
34
43
47
40
47
44
38
49
41
40
37
47
50
53
39
68
40
46
41
43
44
41
34
53
55
54
58
51
41
44
52
50
36
37
39
37
33
50
42
45
34
43
43
44
50
48
39
38
42
47
37
40
48
39
41
42
41
45
43
40
45
57
46
54
41
43
48
40
40
47
62
51
54
39
54
47
35
37
46
45
48
44
41
41
50
44
46
44
42
45
40
42
43
41
69
47
46
49
56
45
44
37
35
37
34
47
37
44
44
41
43
40
39
53
44
45
37
37
42
41
37
35
43
41
42
49
42
43
40
52
43
42
44
49
36
34
59
40
43
42
47
50
42
43
53
40
39
43
42
42
36
60
50
49
45
43
39
47
41
46
39
52
40
44
45
39
51
44
44
40
43
41
38
47
38
34
53
45
40
34
51
39
40
38
36
53
48
43
45
45
37
51
45
45
38
40
46
65
36
47
44
57
49
40
40
40
39
46
58
50
36
40
38
43
39
43
35
42
50
50
43
45
42
46
39
41
76
42
47
39
44
45
53
32
34
51
57
38
39
39
40
40
36
32
52
46
52
39
40
50
39
43
44
58
40
46
45
46
43
37
58
31
45
49
45
39
37
49
44
35
41
56
58
40
43
37
47
46
38
36
46
45
33
51
53
47
45
41
44
35
38
41
46
50
49
36
44
41
45
34
45
45
43
44
36
39
41
45
52
53
41
36
37
55
36
35
52
51
36
42
43
39
46
44
50
56
66
45
39
48
30
46
40
34
34
43
40
39
52
47
36
51
38
36
45
38
49
51
56
46
41
36
47
48
41
38
39
47
48
33
47
39
55
38
45
43
57
52
38
41
44
45
43
46
39
35
54
34
59
49
37
50
54
41
46
45
38
33
44
45
45
43
56
44
52
42
45
39
47
42
58
51
48
50
50
43
40
63
48
46
40
45
47
48
35
49
47
48
52
42
42
49
43
45
43
44
41
41
42
37
41
50
50
45
42
37
48
38
55
41
42
43
51
45
35
44
46
36
42
50
52
56
43
52
57
48
43
46
37
45
43
45
51
34
37
45
43
45
44
40
42
50
45
45
61
44
48
40
51
53
45
47
35
37
34
36
45
40
36
42
49
40
48
39
32
41
42
43
43
35
51
61
44
53
45
35
49
38
36
45
47
56
43
36
35
32
36
45
50
39
34
51
42
44
46
44
49
36
36
48
43
38
36
50
50
49
51
42
36
45
58
56
34
38
53
35
63
45
47
54
41
37
40
42
35
40
36
44
50
43
44
33
43
51
47
47
44
52
49
54
53
58
60
48
38
34
43
58
38
54
40
51
53
44
38
49
51
44
50
52
39
41
45
38
60
38
51
49
46
58
34
44
47
52
41
46
33
41
52
57
49
35
51
52
50
41
38
55
33
59
45
44
53
41
47
35
45
36
46
36
62
43
41
42
44
35
43
41
43
43
42
50
52
39
51
42
36
52
44
40
47
55
52
39
44
51
41
37
39
42
55
40
42
44
39
48
41
49
51
49
52
44
50
36
45
47
46
63
41
33
45
47
38
51
44
48
42
40
56
44
52
46
38
53
50
47
47
45
46
57
60
37
43
44
53
48
36
42
39
42
40
48
46
48
51
47
45
39
36
49
47
53
65
56
38
45
48
39
60
48
45
49
48
36
46
64
37
44
40
39
41
39
53
41
48
39
42
50
42
48
48
41
47
37
49
57
39
39
39
42
44
45
43
43
58
45
39
55
34
35
56
38
42
45
37
51
42
41
43
38
46
43
41
39
45
53
36
43
53
48
51
48
38
54
40
52
36
42
40
51
39
38
41
36
38
47
48
44
41
36
48
49
40
36
56
42
37
35
32
45
47
45
50
40
42
42
49
46
41
37
61
55
47
42
44
47
38
49
37
42
41
51
49
38
53
54
39
34
47
59
45
51
51
44
35
44
52
52
43
48
40
40
50
41
43
35
45
66
62
37
67
39
37
41
37
45
37
42
42
56
55
35
59
44
47
48
48
34
39
38
42
38
57
51
53
29
59
49
45
56
43
46
46
46
53
44
44
42
37
41
42
51
36
42
52
33
43
38
53
42
64
37
51
36
49
38
45
46
54
48
46
47
53
49
39
46
49
