23
18
22
20
20
18
15
18
18
20
16
18
15
19
27
16
16
16
18
22
19
19
20
18
29
23
22
19
22
21
19
22
25
21
19
19
25
16
15
17
46
32
21
20
18
16
19
17
26
16
14
15
19
15
16
18
16
19
18
29
15
18
15
24
17
17
13
18
18
25
18
20
25
16
21
17
20
20
26
17
24
16
20
19
18
13
17
17
21
18
14
19
21
17
17
20
23
14
15
18
14
16
17
16
15
29
17
18
30
23
20
16
25
20
17
23
17
15
21
14
17
16
20
18
15
18
28
22
18
16
16
18
20
17
21
25
17
18
17
19
16
16
18
18
16
16
21
21
26
16
28
17
29
21
20
21
16
21
21
21
18
19
18
17
15
17
19
17
18
21
16
17
18
17
16
17
18
27
19
21
23
17
20
20
25
24
28
19
18
15
20
21
21
22
19
18
19
16
23
22
16
22
21
20
16
17
19
19
16
17
17
23
15
18
19
24
16
18
18
20
16
13
20
22
24
16
17
26
17
17
26
21
18
18
19
17
16
19
16
24
27
14
15
17
16
18
16
17
23
26
22
23
24
21
16
18
28
30
17
26
16
21
16
24
18
17
16
15
24
20
20
15
21
17
15
19
23
17
16
15
17
18
18
15
13
15
20
19
18
21
20
14
20
17
19
23
22
15
16
18
14
15
16
17
20
18
17
19
18
18
15
17
26
18
20
17
23
17
26
34
17
18
18
22
17
19
20
16
18
16
21
24
20
18
19
16
20
15
17
17
21
16
16
20
14
21
13
36
30
19
18
23
20
21
20
20
21
19
15
24
19
18
19
24
23
15
17
18
15
13
25
15
13
17
16
24
22
30
16
18
20
18
19
25
20
33
22
25
18
23
15
20
20
17
21
23
25
14
16
20
17
16
