20
19
17
18
18
16
14
19
18
17
18
14
14
17
22
22
16
15
20
22
17
16
17
15
13
14
18
16
14
15
17
18
18
17
24
15
17
14
14
17
18
14
18
21
17
12
14
15
17
14
15
20
19
12
18
14
18
15
17
15
17
15
23
18
19
17
13
18
17
20
16
16
16
15
13
20
15
15
16
17
17
13
13
17
15
17
14
13
16
14
18
16
17
12
18
17
14
13
17
23
12
16
23
13
13
19
16
17
17
15
15
13
18
17
13
17
16
15
15
15
15
13
18
20
13
16
16
14
17
15
20
21
21
13
18
17
15
19
18
16
18
18
15
14
17
15
13
14
15
17
14
13
14
21
15
20
24
21
18
17
14
15
16
19
20
17
17
17
16
18
23
15
19
13
15
14
17
16
13
15
16
14
14
15
18
14
14
15
19
17
19
16
15
14
16
16
15
16
18
18
20
17
16
15
18
21
18
15
17
17
17
15
16
16
17
19
18
14
16
15
14
14
16
17
14
15
15
18
17
17
14
17
16
13
15
18
17
14
15
15
16
14
14
16
18
13
14
15
19
14
17
17
13
14
20
19
17
13
17
17
17
17
17
14
16
16
14
13
17
18
18
19
16
15
14
14
14
16
18
14
19
17
14
20
16
15
18
17
15
16
14
21
16
16
19
20
17
14
15
17
17
16
19
15
20
20
17
15
20
13
19
16
18
14
13
20
14
17
14
15
19
15
14
16
19
16
17
18
15
16
25
15
18
17
15
19
15
13
17
16
14
15
18
17
17
17
14
18
14
17
18
13
18
21
12
15
14
20
18
15
15
19
15
21
17
16
15
15
17
14
16
15
13
21
14
17
13
19
13
17
20
18
15
18
17
14
17
19
20
18
17
16
19
15
19
15
15
13
14
13
17
18
17
