13
13
13
12
14
12
12
14
13
13
13
13
18
14
12
13
13
13
13
14
13
15
13
15
13
13
12
12
13
14
13
13
12
13
13
13
12
13
13
13
12
12
12
17
12
12
12
12
13
13
13
15
14
12
13
12
13
12
14
16
12
13
13
12
13
12
13
12
12
13
12
14
14
15
13
12
14
13
13
12
12
12
15
13
13
15
13
13
13
13
12
12
13
13
12
13
15
12
12
14
13
13
13
13
13
14
12
13
12
14
12
15
13
12
13
15
13
13
13
12
15
12
12
12
13
18
13
12
13
15
13
12
13
12
15
12
13
13
14
13
13
13
13
13
13
12
13
13
14
13
13
12
18
14
13
13
21
15
13
14
13
12
13
16
13
13
13
14
12
13
12
13
14
12
12
12
13
12
13
12
13
13
13
15
13
12
14
13
13
13
13
13
12
12
13
13
13
13
17
13
13
13
13
13
12
14
13
15
13
13
12
12
13
13
12
13
13
12
13
13
12
13
15
13
12
13
13
14
13
12
12
12
14
13
21
13
18
13
13
13
12
20
12
12
13
12
12
12
13
14
12
13
13
17
13
12
13
13
12
12
14
17
16
14
13
14
12
12
13
13
13
13
12
14
12
13
13
12
12
12
13
13
13
13
12
12
13
13
15
13
13
17
12
12
13
13
13
13
12
14
12
12
12
12
13
12
13
13
13
13
12
12
13
12
12
12
13
14
13
12
13
12
13
13
12
13
14
12
13
13
14
12
13
12
12
12
13
13
12
13
13
12
13
13
13
13
13
12
13
13
13
13
12
13
12
20
13
13
13
13
12
13
13
12
17
13
14
16
13
16
14
42
14
12
13
13
13
12
14
12
12
13
12
14
13
12
16
12
14
13
12
12
12
13
12
13
12
13
13
12
12
13
14
12
13
13
13
12
