19
15
12
14
15
16
16
16
15
13
17
17
16
14
14
14
17
16
16
16
12
15
13
13
15
16
16
14
14
13
14
16
13
14
17
13
15
17
17
14
15
13
15
14
19
14
16
15
14
13
13
15
23
17
15
15
14
17
12
16
16
17
14
14
15
13
13
16
14
13
15
16
17
12
16
18
13
17
15
18
14
14
16
16
15
15
15
13
13
19
13
15
14
19
17
15
16
15
13
13
18
14
14
16
15
21
17
15
14
24
13
12
19
14
14
17
17
15
13
17
16
13
16
16
12
15
14
18
13
13
14
17
15
16
18
14
14
15
19
13
16
13
15
16
13
14
15
16
15
16
13
15
13
14
16
13
14
15
13
15
17
16
17
16
13
16
15
16
14
14
13
15
13
17
14
15
15
20
14
14
15
13
18
16
16
17
15
15
14
15
14
14
16
13
14
12
19
18
15
13
16
15
13
14
14
17
15
17
15
16
12
18
17
17
15
13
13
13
15
17
14
13
18
13
18
14
16
14
15
14
20
14
18
15
17
16
15
15
16
15
12
13
13
13
13
12
16
19
16
12
17
15
16
13
24
14
14
14
16
16
16
17
12
13
16
19
22
13
17
14
14
13
13
18
13
14
20
17
15
18
14
16
13
19
13
18
13
14
13
18
15
17
13
16
16
14
18
18
15
16
15
16
13
15
18
13
14
14
13
13
20
17
16
14
15
19
13
14
13
18
14
16
19
13
16
17
16
13
15
20
13
13
14
17
14
15
14
16
15
17
16
15
15
14
16
16
15
15
19
14
17
17
19
14
16
14
17
16
15
13
17
12
13
16
17
15
13
13
21
12
12
13
16
16
16
15
14
22
14
18
19
13
14
18
13
15
15
18
13
14
15
15
14
16
15
14
14
13
18
15
14
14
13
18
