24
27
21
19
18
18
21
21
17
27
33
20
18
29
26
29
20
39
25
22
24
21
19
20
25
18
27
23
21
22
21
19
27
18
25
20
21
25
22
22
21
21
25
29
23
25
38
21
24
21
24
21
23
19
21
19
19
26
22
25
21
19
22
27
21
23
20
34
24
21
20
19
24
22
26
20
28
28
22
25
25
26
21
22
26
20
26
23
30
25
23
21
30
24
22
18
30
26
23
19
22
20
21
24
27
21
21
32
22
22
25
20
23
18
24
20
21
23
22
21
22
24
27
24
22
17
24
19
20
28
22
23
28
22
25
22
20
17
23
24
25
22
25
29
28
21
19
19
27
20
21
27
25
22
28
22
21
22
22
20
22
21
21
19
21
33
19
23
21
29
26
25
23
18
21
21
26
27
21
22
23
29
32
22
21
20
22
24
22
28
22
26
24
26
21
27
25
30
19
18
19
22
25
22
27
25
20
25
21
22
27
23
24
17
19
20
22
20
22
25
24
24
26
30
26
27
21
17
24
21
17
30
21
27
21
20
21
25
24
20
25
22
20
23
20
29
19
21
21
19
22
22
20
26
31
23
31
25
26
28
22
21
22
21
22
21
22
19
22
28
23
27
20
19
29
23
29
24
24
23
21
26
22
25
21
31
24
21
23
20
25
21
20
25
17
24
33
20
21
21
21
20
24
20
21
24
28
30
23
24
23
19
20
26
24
25
24
25
22
24
22
22
25
22
25
17
22
23
18
21
24
20
18
23
25
23
24
23
