24
28
21
22
26
20
21
21
19
24
21
21
21
22
26
22
19
19
21
20
21
17
20
19
22
25
20
20
20
20
21
22
20
21
17
19
17
21
19
20
25
21
20
21
23
26
23
24
17
23
18
25
22
17
21
20
24
28
26
22
27
22
19
20
23
28
21
24
21
22
21
23
20
20
21
28
21
18
36
18
21
23
24
21
20
18
27
20
19
21
20
21
20
22
19
22
22
28
19
30
22
21
20
25
21
21
28
26
23
19
19
21
25
22
25
19
18
21
20
28
26
19
20
19
20
17
24
22
21
20
19
25
19
26
22
21
20
19
22
21
23
21
21
19
20
18
21
23
22
22
19
18
18
18
23
23
20
17
19
22
22
20
24
26
20
24
26
22
23
22
29
21
24
21
19
22
20
21
20
27
20
22
20
22
22
20
25
25
19
21
22
18
20
19
20
19
20
19
24
21
22
20
25
20
19
24
17
19
21
19
22
20
19
22
21
19
19
23
21
23
27
22
22
20
18
22
17
25
17
26
17
22
19
22
21
19
20
20
19
23
19
26
20
22
19
18
22
27
22
18
23
26
25
20
23
18
26
23
20
23
21
24
19
21
20
19
24
23
23
22
25
21
23
23
21
21
21
26
17
23
21
30
19
20
21
24
19
18
24
18
18
22
19
19
21
20
26
21
22
24
17
22
21
22
22
24
23
21
22
23
20
22
20
23
17
20
21
20
20
20
19
22
18
24
25
18
24
21
30
23
22
22
19
22
19
21
18
20
