14
13
18
13
14
14
12
13
12
16
13
13
13
13
14
14
13
12
13
19
13
13
14
14
17
18
13
13
12
12
16
12
15
12
13
14
12
12
13
15
14
12
13
13
15
13
17
13
13
13
13
27
12
13
15
13
12
13
13
12
13
13
12
13
13
13
14
14
19
16
12
13
12
14
12
16
13
14
13
13
14
15
13
15
14
13
14
15
13
13
13
13
13
18
14
13
13
15
15
17
12
12
13
14
13
13
14
15
18
13
15
14
12
13
13
13
13
13
19
14
13
13
12
13
12
26
13
13
14
14
15
14
13
12
12
13
15
13
21
16
14
14
13
13
17
14
14
13
14
16
12
14
14
14
16
12
20
13
13
13
14
14
13
12
17
12
17
13
16
14
12
13
12
12
12
14
13
12
13
13
14
14
16
15
13
15
14
14
13
14
13
15
12
12
13
13
16
12
13
18
13
13
13
15
15
13
16
19
13
14
13
13
13
13
13
13
18
12
13
13
14
16
12
16
13
13
14
12
16
16
12
14
12
12
13
13
12
13
13
16
14
17
12
13
13
13
15
17
14
13
14
13
17
15
13
14
14
16
17
12
12
13
14
13
13
13
14
13
13
13
16
12
16
13
13
16
13
12
13
14
13
13
12
15
13
17
14
13
13
13
14
16
13
13
14
13
14
12
12
13
15
12
16
14
14
13
13
13
12
14
13
13
14
13
13
13
14
13
13
12
14
13
15
13
14
12
12
15
12
17
13
17
14
13
12
13
14
13
28
13
15
13
12
14
12
13
15
13
12
12
14
13
13
13
15
15
12
13
13
13
14
13
16
13
13
13
14
18
13
14
13
14
14
13
13
13
14
13
13
16
17
17
15
17
14
15
13
14
13
12
12
13
13
13
14
15
14
13
13
13
13
16
13
14
16
16
13
17
