20
19
19
19
15
17
20
16
18
14
25
17
15
18
17
16
18
19
17
15
21
18
16
20
16
21
17
17
15
16
14
24
15
14
14
17
15
16
13
20
17
14
17
18
23
19
19
16
17
14
16
18
20
17
20
23
16
16
19
16
15
13
19
22
18
18
13
17
22
20
15
13
16
20
15
13
14
13
23
18
18
16
18
17
22
18
18
18
18
24
14
16
25
13
17
19
19
16
16
18
14
16
19
16
17
15
14
15
21
15
16
15
20
17
20
13
19
16
22
20
28
16
15
16
16
19
16
21
13
20
18
15
14
23
14
16
16
18
19
15
19
18
15
15
18
15
23
19
13
18
17
19
15
14
17
18
24
19
17
21
17
24
17
16
14
19
15
22
16
22
12
24
18
14
22
16
16
14
18
25
16
18
13
21
13
13
18
20
17
17
18
24
15
15
19
18
15
18
21
17
25
17
17
15
15
17
17
13
15
17
17
15
21
16
19
20
16
17
17
19
21
16
18
24
24
24
19
14
17
16
15
13
20
19
18
14
16
17
16
20
20
15
16
23
14
15
15
19
17
21
16
19
14
15
18
16
14
17
16
20
19
17
13
17
18
17
19
14
22
20
14
16
17
16
14
18
14
26
17
20
17
16
17
15
18
19
19
15
15
20
19
24
17
20
18
21
17
17
18
20
18
15
17
14
15
24
18
16
16
23
21
14
18
18
21
17
16
18
19
17
17
13
27
22
17
13
17
15
17
12
15
22
26
20
18
22
20
25
16
18
15
19
17
16
20
18
18
13
20
16
16
13
16
20
13
15
17
19
16
18
14
16
15
21
15
16
23
19
17
20
15
13
16
20
18
18
16
19
20
19
14
18
18
21
17
17
22
15
17
19
22
13
16
19
16
14
15
19
15
22
25
16
17
17
