14
14
17
17
14
13
12
13
13
15
15
18
13
13
13
13
12
19
17
21
14
13
14
14
14
15
13
12
14
17
13
13
18
13
15
14
13
14
14
14
13
14
14
13
15
20
14
12
13
12
16
15
15
13
14
12
13
14
14
14
20
14
20
12
15
13
13
16
13
14
15
13
14
13
16
16
13
14
14
13
12
13
15
14
22
16
13
14
14
20
16
14
13
14
13
23
14
13
13
13
15
16
15
16
20
15
17
14
16
18
13
16
16
13
15
12
15
12
16
17
12
14
13
13
12
13
14
15
13
14
16
15
13
14
14
14
13
13
13
13
15
13
12
20
13
14
15
16
12
13
13
14
15
14
16
13
15
19
13
15
14
18
15
14
14
15
16
13
13
15
17
19
13
16
14
16
13
16
14
16
19
14
14
15
15
13
13
13
14
17
18
14
16
14
15
15
12
13
15
13
13
15
13
13
16
13
13
17
15
13
17
14
13
14
13
13
13
15
16
13
13
20
20
12
12
18
15
13
17
13
18
13
13
13
13
15
14
13
13
13
13
13
15
17
14
13
21
15
14
16
14
13
13
18
19
13
13
17
15
23
15
16
17
20
13
14
14
12
14
13
17
13
15
16
13
14
14
14
13
17
15
13
16
15
13
15
15
13
17
16
20
17
14
15
14
14
12
13
13
15
14
13
13
12
13
16
19
14
13
16
13
13
18
25
13
13
14
13
15
13
22
12
13
16
14
13
13
14
16
13
13
13
17
13
17
17
13
15
14
13
13
21
14
14
16
24
20
17
13
13
13
16
17
13
13
19
14
12
12
13
15
21
12
13
14
13
13
13
17
19
16
16
18
13
13
14
15
17
14
18
15
20
16
14
16
14
15
12
15
13
13
14
13
25
16
13
13
13
14
14
13
13
13
19
