21
20
19
20
25
19
19
19
21
24
19
20
19
20
19
20
26
18
21
17
20
19
20
19
21
21
20
25
24
23
20
20
24
17
19
19
19
22
19
18
20
19
21
16
18
18
17
23
19
20
23
22
19
19
19
24
21
21
23
21
20
17
19
21
27
18
18
22
20
20
22
19
23
20
22
21
22
19
23
25
20
16
17
20
22
21
21
17
20
22
20
21
18
21
23
20
19
21
26
21
19
19
19
18
21
23
18
19
21
18
21
21
18
18
17
19
22
21
19
20
18
17
20
18
20
19
18
24
21
20
23
20
21
19
18
20
19
21
29
20
21
20
17
18
23
23
18
19
20
23
23
23
20
17
23
18
17
19
19
17
20
19
19
19
17
21
22
25
19
19
21
22
23
17
18
24
23
21
23
20
20
20
20
20
22
24
21
23
19
20
19
21
17
16
22
19
17
20
19
19
19
20
20
23
21
23
16
19
20
17
20
20
17
19
22
19
20
19
19
19
21
19
24
20
21
18
20
17
20
20
17
21
19
17
21
24
21
19
18
17
20
23
19
20
19
21
19
19
19
23
18
19
17
20
20
17
20
20
20
16
18
20
22
22
21
24
19
18
18
22
18
20
25
22
17
19
19
16
21
20
21
20
19
21
17
17
20
17
22
25
19
19
23
24
19
21
18
20
19
20
22
22
19
23
19
19
17
20
22
21
20
24
22
20
20
18
20
20
17
20
22
28
20
17
19
25
21
22
32
18
20
17
18
24
16
22
21
18
