20
23
19
21
22
17
19
21
17
17
17
19
17
17
19
20
19
17
18
24
18
17
18
21
19
17
23
18
22
20
22
20
21
18
16
17
18
17
23
23
20
20
17
17
16
23
18
19
18
21
20
20
29
18
19
19
17
19
18
30
18
19
21
22
20
22
22
18
20
17
25
17
18
20
21
17
17
20
23
18
21
22
21
20
22
21
17
18
19
17
17
21
19
18
17
23
17
17
17
18
19
17
18
19
18
17
24
17
18
18
18
17
18
19
17
17
18
17
20
26
19
17
18
20
16
20
21
19
23
21
22
16
17
20
21
19
22
21
28
23
18
21
18
17
21
17
19
17
18
16
19
19
20
17
17
17
24
19
20
19
20
21
20
19
18
19
17
24
30
23
22
18
25
17
29
20
23
17
19
17
17
21
18
19
17
19
24
18
20
21
18
17
19
32
23
17
19
18
17
18
18
23
17
18
17
20
17
22
21
23
19
19
18
17
19
21
21
20
21
19
20
16
19
20
20
19
18
17
21
19
18
17
17
17
20
18
20
18
24
20
18
25
23
20
20
19
21
24
20
23
21
16
18
18
24
20
25
17
23
19
21
19
18
18
22
22
17
22
18
21
17
25
26
19
18
19
17
17
19
20
17
23
17
21
21
21
21
19
19
18
20
18
17
17
27
22
23
22
24
24
17
17
19
21
34
19
18
19
17
18
19
20
21
17
21
20
17
17
21
22
18
22
20
19
20
21
22
18
17
22
17
25
17
20
17
22
17
20
