17
18
17
17
18
19
17
17
19
17
17
17
17
19
17
17
22
30
20
18
20
17
20
18
21
18
19
28
17
17
20
16
22
17
20
17
19
17
17
17
20
18
17
23
18
16
22
21
17
17
18
20
17
18
24
18
21
18
16
17
17
17
17
17
21
17
17
19
21
22
18
18
16
17
20
18
21
20
18
16
17
18
16
18
17
30
23
21
29
19
20
17
26
18
17
19
18
20
19
20
18
17
17
17
16
17
18
19
20
17
17
18
19
17
21
22
17
16
17
17
26
19
17
20
20
21
20
18
17
20
20
17
17
17
18
18
19
17
16
18
17
22
18
17
17
19
21
19
17
17
22
21
17
22
19
18
19
16
17
17
16
17
17
16
16
18
18
16
17
20
18
20
17
17
18
16
17
19
18
18
17
17
20
18
21
16
22
18
17
19
17
17
17
17
17
18
22
17
19
17
16
17
17
16
23
17
17
16
18
16
18
17
18
18
20
17
17
19
20
36
17
20
19
17
17
20
17
28
20
23
17
18
17
17
31
17
31
26
18
18
17
17
20
17
16
17
17
18
17
17
18
17
17
17
18
17
18
17
20
17
20
20
18
17
17
16
18
21
20
19
17
22
26
21
17
17
17
18
17
16
20
17
18
17
17
17
19
22
23
17
18
17
16
19
17
17
17
17
17
16
19
17
17
23
17
17
17
19
19
22
18
17
18
17
16
21
17
17
19
19
16
20
16
19
17
17
19
16
19
17
17
18
17
18
18
17
16
23
20
18
