25
32
30
21
27
25
24
28
24
22
22
34
21
23
21
22
23
20
27
21
28
24
18
20
33
25
26
25
31
24
21
23
22
21
30
28
21
24
22
39
39
34
24
21
22
23
25
39
19
21
24
31
21
28
22
23
31
19
41
36
31
25
21
23
22
29
24
24
32
28
30
25
23
30
25
27
20
21
24
32
24
28
30
20
25
27
25
25
25
27
26
20
24
21
41
21
29
24
25
28
29
25
27
34
26
32
23
31
23
44
26
33
23
38
22
31
44
30
24
25
26
23
28
25
20
29
30
26
28
24
32
21
21
32
34
27
27
27
25
24
25
23
25
22
25
22
38
26
22
24
23
26
25
25
46
20
32
25
21
29
20
27
21
32
26
24
20
23
23
27
22
32
20
27
29
27
22
27
25
31
29
19
22
26
21
39
25
27
32
42
23
22
30
21
21
22
25
19
28
26
57
24
19
34
28
30
21
25
22
34
22
23
22
27
24
22
21
30
25
26
22
28
28
28
26
42
23
20
22
22
32
29
30
26
29
24
24
26
30
29
31
23
24
22
34
26
28
21
26
26
25
20
28
32
25
23
37
28
27
20
20
28
21
47
23
20
37
23
24
28
23
23
31
24
30
32
28
27
28
21
22
32
24
17
22
25
31
39
26
17
20
35
21
26
21
28
29
24
25
21
24
27
25
26
22
23
33
25
21
35
23
21
25
26
33
20
30
31
28
26
22
23
30
33
22
31
22
24
23
25
30
22
25
33
41
24
23
23
