17
17
17
22
16
17
17
17
17
17
17
17
18
16
17
17
18
17
16
17
17
18
16
20
17
25
17
18
17
17
16
20
18
17
17
21
17
19
17
17
17
17
17
17
17
17
17
17
17
18
17
17
17
17
17
17
19
17
16
17
17
16
17
17
17
19
17
16
18
17
17
17
17
16
24
17
21
19
17
17
16
17
17
33
17
19
16
17
17
17
18
16
16
18
17
19
17
17
19
17
17
16
17
17
17
16
17
17
17
22
21
17
17
17
19
18
17
17
16
17
17
17
17
17
18
17
17
17
21
17
17
21
17
17
17
17
18
24
16
17
18
17
17
17
16
17
17
17
17
17
18
16
17
18
17
23
17
16
17
18
17
16
17
21
17
16
18
17
16
19
18
17
17
17
19
18
16
16
17
17
17
17
17
17
18
18
17
17
16
16
17
17
19
17
17
17
18
17
19
16
16
17
16
18
25
17
17
25
17
20
18
18
16
17
22
17
16
17
17
23
16
17
17
17
16
17
22
23
17
17
17
17
18
17
17
17
18
16
17
17
17
17
17
17
18
17
16
17
23
17
18
20
20
17
18
17
19
17
17
17
17
16
17
16
17
16
17
16
17
17
16
17
17
16
18
16
18
17
17
17
16
17
18
16
18
17
16
17
16
16
17
20
17
16
17
16
18
21
18
17
17
16
17
17
16
16
19
17
17
17
20
16
17
16
18
17
17
16
17
17
17
18
17
17
17
17
20
17
20
18
17
17
17
17
17
23
17
17
17
16
17
