12
10
11
12
12
11
9
10
10
9
12
10
8
14
13
14
10
8
24
10
9
8
11
8
12
9
10
10
11
11
9
12
11
11
13
9
10
10
8
11
9
9
9
9
8
12
11
14
21
15
10
12
10
8
9
9
10
12
9
9
9
14
9
10
9
11
9
14
12
11
18
8
10
10
12
9
8
9
18
9
11
9
9
10
10
19
9
11
9
9
10
10
8
10
12
9
9
13
9
8
9
10
8
10
9
12
9
11
13
15
14
11
15
12
11
8
10
10
10
12
10
10
11
10
9
9
12
11
8
10
16
9
14
9
9
9
9
8
11
13
9
9
10
10
8
11
9
12
10
12
10
8
11
9
12
9
9
10
8
11
15
8
11
13
9
14
9
9
11
9
9
9
12
9
8
12
9
16
10
9
9
14
14
9
15
10
12
10
12
8
9
9
11
9
11
9
12
8
12
12
19
10
11
11
10
10
9
9
8
8
9
9
12
12
8
9
11
10
10
11
12
11
9
11
11
10
10
12
11
11
11
8
10
10
13
11
12
8
11
12
11
9
10
8
10
9
11
11
9
13
12
10
9
9
12
11
12
10
9
10
11
13
8
11
11
8
9
12
9
14
12
9
12
9
8
12
10
9
9
12
12
8
10
11
16
11
9
12
15
14
9
11
12
9
11
12
9
10
9
11
10
10
9
9
10
10
9
8
9
10
9
15
12
13
11
11
12
10
9
8
10
10
18
9
9
12
9
9
12
10
11
10
10
12
12
12
9
11
13
18
13
12
14
12
8
10
10
8
12
12
9
8
12
15
13
13
9
14
13
9
19
9
10
12
9
9
9
11
8
9
13
9
10
10
12
9
9
9
11
12
9
9
11
15
8
9
10
9
12
8
9
14
11
11
12
9
11
9
9
11
9
14
9
8
10
9
12
10
14
10
10
9
11
13
10
10
9
11
15
11
9
10
10
9
8
10
9
8
9
9
9
9
9
9
11
10
11
10
9
10
9
13
9
11
13
9
8
11
12
11
10
13
11
9
9
9
10
15
9
10
9
10
9
9
11
11
10
11
11
12
14
12
9
12
10
16
9
10
9
10
10
9
10
10
9
12
9
10
11
9
9
10
9
8
9
9
15
10
9
9
14
10
9
9
9
9
9
9
9
9
8
8
10
11
9
11
13
10
9
10
9
11
10
9
9
8
10
13
11
9
10
15
15
9
9
16
8
11
13
9
11
9
13
9
8
8
10
9
9
10
15
14
8
14
11
10
12
11
12
13
13
9
11
10
11
8
9
9
9
8
13
11
9
9
10
9
9
9
14
10
9
8
11
9
10
9
11
9
11
11
9
12
12
13
8
9
10
11
9
11
10
8
10
