10
13
13
14
10
9
8
9
11
10
15
8
12
12
11
11
9
9
9
14
11
13
10
10
9
10
11
13
9
12
11
11
10
9
11
15
9
10
8
9
11
9
9
9
11
10
9
9
9
10
8
13
11
12
10
10
12
14
11
11
9
12
12
9
11
10
13
11
9
8
8
11
12
13
10
13
11
9
10
16
10
9
11
11
9
12
11
14
11
12
9
11
9
14
10
10
11
11
9
9
9
9
11
9
13
12
16
10
9
14
9
12
13
13
10
9
13
11
13
15
12
9
10
15
13
9
10
14
9
8
9
10
13
10
12
13
11
11
9
10
8
9
11
9
11
13
10
10
12
17
14
10
8
10
9
10
11
9
12
10
9
10
14
13
11
11
15
12
14
9
10
14
11
13
8
12
13
9
9
8
11
8
13
12
10
12
8
12
8
10
8
9
11
9
10
12
12
13
16
18
12
9
10
13
11
14
10
10
14
9
15
10
12
12
16
10
17
10
13
9
12
14
10
10
9
15
11
10
12
9
11
11
10
11
12
9
13
13
12
14
8
11
15
11
11
10
13
10
13
11
9
12
10
10
10
10
9
11
12
11
10
10
10
15
12
15
8
10
10
11
14
11
12
13
12
9
11
9
10
9
10
11
14
8
11
11
11
13
10
12
9
11
12
11
10
11
14
9
15
10
11
11
11
9
10
13
9
16
9
11
9
13
14
9
13
12
13
9
9
10
13
13
10
10
14
10
13
9
12
13
14
9
10
13
9
9
12
10
9
12
19
9
11
12
10
9
11
12
9
10
10
10
13
11
9
14
9
13
18
14
8
10
14
12
10
11
10
9
9
11
10
17
8
9
12
11
10
13
10
11
12
13
15
12
11
9
10
11
15
15
15
12
9
8
9
12
10
12
12
12
11
11
12
10
11
9
8
11
13
9
12
8
9
10
9
16
11
9
10
12
8
9
13
8
11
9
12
11
10
10
12
13
12
9
11
12
15
13
10
12
12
12
12
10
14
10
18
10
9
14
9
10
11
10
18
9
9
12
10
13
11
10
11
16
12
12
8
9
13
11
18
9
14
9
10
13
12
9
11
14
12
11
15
9
9
9
13
12
9
10
14
9
9
9
9
10
8
9
14
12
13
9
12
10
14
10
11
8
11
9
9
10
13
11
10
10
8
10
9
12
10
17
12
14
10
18
10
11
9
10
11
11
13
9
9
9
12
9
15
12
14
12
9
11
9
11
11
12
12
9
9
9
10
12
13
15
9
10
11
10
10
17
10
12
9
10
12
11
14
9
11
12
14
16
10
13
9
10
13
8
10
8
10
13
8
10
9
13
13
9
18
11
10
10
9
14
9
11
10
16
10
8
11
