8
18
9
8
10
11
8
9
11
9
9
11
10
9
9
11
8
13
8
9
8
8
9
9
9
14
14
8
8
9
9
10
9
10
9
10
9
9
8
9
11
10
8
10
9
9
8
9
11
9
8
9
10
11
9
9
9
10
9
9
9
10
9
8
8
9
8
9
8
9
9
11
9
10
10
9
8
9
8
8
9
9
8
8
9
8
8
9
11
9
14
8
8
10
9
9
9
9
11
9
12
8
10
12
8
8
14
9
9
9
9
10
9
10
8
9
8
9
13
9
9
9
8
8
9
9
10
9
8
8
10
9
8
8
11
11
8
9
9
8
9
9
14
9
10
9
11
8
15
8
9
10
10
10
9
8
8
8
9
8
13
9
10
8
9
9
8
11
9
10
8
11
8
9
10
14
9
8
9
8
9
9
9
9
8
9
10
9
9
8
9
11
13
9
10
10
9
9
8
9
10
9
8
8
10
10
8
9
9
9
9
9
15
9
8
9
9
9
8
11
8
9
10
8
9
8
8
8
9
8
8
9
11
14
8
10
11
9
8
8
8
9
8
9
9
9
8
10
11
8
11
12
9
9
9
11
8
8
9
10
9
11
9
10
8
10
9
9
9
9
8
9
10
8
10
8
8
8
10
8
9
8
9
8
9
9
8
8
9
10
14
9
9
11
9
8
9
8
9
10
9
10
8
10
8
9
9
9
9
8
8
9
9
9
8
13
9
10
8
8
9
9
10
9
11
8
9
9
9
10
8
9
8
9
15
9
11
9
11
8
8
8
9
9
9
8
8
10
10
9
8
11
19
10
9
9
9
9
9
10
8
9
9
11
9
9
9
9
9
8
11
9
8
9
8
9
8
9
9
9
9
8
10
8
8
9
9
8
9
9
9
8
13
8
8
8
9
9
8
8
9
17
10
11
8
8
8
9
9
9
9
9
8
9
8
11
8
9
9
8
9
10
9
8
12
9
10
9
9
9
13
9
9
10
9
8
8
9
12
9
15
9
9
9
8
11
9
10
9
9
10
10
9
11
13
8
9
9
12
8
8
9
9
9
8
12
10
9
8
10
9
9
25
9
9
10
9
9
10
8
9
8
9
9
13
9
11
8
12
9
9
9
9
9
10
9
9
8
9
9
9
9
10
12
9
9
9
11
9
11
9
8
8
9
9
10
9
10
9
9
10
9
8
9
10
9
8
11
8
9
8
9
9
9
9
8
9
14
9
8
9
10
9
10
9
9
8
9
10
9
9
8
10
9
9
9
9
9
9
8
11
11
8
8
9
10
8
9
11
9
9
8
9
9
9
9
10
8
9
10
9
8
8
9
9
9
9
11
8
8
9
9
9
9
9
9
8
9
10
8
8
9
9
8
