28
9
26
28
13
25
16
32
16
11
17
12
20
23
17
9
18
16
21
13
26
12
16
20
19
17
23
14
11
23
20
12
16
11
9
12
13
16
14
16
11
34
37
20
18
15
11
29
23
21
30
16
14
17
16
10
18
11
15
17
14
18
16
25
28
14
19
21
11
15
19
45
26
26
15
14
13
19
10
16
28
20
28
19
16
12
12
13
21
12
14
16
12
21
23
15
14
12
19
22
21
12
14
15
17
27
26
16
16
11
24
9
13
19
16
17
16
19
13
19
27
16
11
25
12
15
21
24
21
13
11
10
17
16
13
11
16
12
39
15
16
21
13
16
19
15
15
13
14
14
13
16
10
13
12
20
44
10
14
25
14
15
16
12
18
20
18
43
17
14
33
16
13
16
13
10
18
15
32
21
16
19
18
20
16
20
12
18
15
15
15
16
12
20
17
10
11
14
12
16
24
12
13
14
19
13
14
12
15
16
15
18
19
27
18
13
11
14
16
21
11
11
15
18
16
35
19
15
16
16
18
20
23
14
14
17
15
29
23
23
15
9
16
16
11
30
17
15
18
21
26
17
23
14
17
22
13
13
17
15
21
16
15
11
14
24
14
25
16
14
19
19
18
20
14
17
19
40
17
10
15
27
19
19
10
24
11
17
19
30
26
11
9
33
25
11
18
19
15
15
9
12
15
14
8
19
15
13
14
19
11
35
9
24
13
18
15
12
13
14
25
9
12
13
21
23
16
16
10
17
16
14
19
13
13
14
16
25
15
12
12
18
11
23
16
16
14
13
30
13
15
17
36
9
15
13
16
22
13
11
18
17
25
11
13
24
15
12
16
10
28
15
16
16
18
11
13
27
15
15
15
13
24
18
17
22
16
17
15
14
19
14
15
14
30
23
18
13
23
11
18
27
18
16
15
17
18
13
12
16
27
14
13
17
17
10
12
12
22
20
15
13
19
20
12
8
24
18
17
17
21
31
19
12
10
16
16
22
11
28
16
13
13
11
18
17
15
12
24
14
18
15
17
47
21
21
34
17
26
15
14
24
11
24
15
19
30
14
13
16
16
14
19
16
14
19
20
11
16
19
12
18
10
15
14
11
11
22
13
12
15
13
20
29
11
9
20
13
16
15
14
14
27
15
13
16
21
23
15
16
40
26
17
17
15
13
12
17
17
16
27
13
14
26
39
15
14
15
11
16
16
24
14
17
13
16
17
14
28
15
11
22
17
18
15
10
14
13
19
9
21
12
21
13
15
30
16
18
14
20
14
14
22
11
19
26
14
13
11
12
16
17
9
15
12
15
11
15
14
16
27
14
27
16
13
30
10
17
17
22
15
15
14
11
12
13
18
12
15
