16
11
11
13
13
9
10
9
11
11
13
10
12
9
14
10
12
9
14
13
8
9
9
13
10
10
13
16
9
9
12
14
11
13
11
11
13
12
11
11
9
8
13
11
9
20
11
13
12
9
14
9
11
9
14
11
10
20
11
13
10
11
11
14
11
10
11
13
11
12
11
11
12
9
16
12
12
13
12
10
14
12
12
10
13
9
14
14
10
13
14
10
13
20
10
9
17
13
12
9
11
16
13
12
9
12
14
8
12
11
9
9
12
10
10
14
9
14
9
12
12
15
12
12
10
11
10
11
12
15
10
10
13
11
12
12
13
8
10
10
12
10
12
15
11
10
14
14
9
13
13
11
8
9
8
12
12
13
11
18
12
17
9
10
10
11
11
15
10
10
21
10
8
13
11
10
17
10
9
10
13
12
16
9
16
9
11
11
16
8
10
9
9
12
12
14
10
13
10
15
11
13
12
11
8
9
11
11
13
19
12
12
17
12
12
12
15
14
11
12
8
12
12
9
9
14
14
9
9
13
15
11
12
12
16
10
13
12
9
12
10
13
12
10
11
9
17
14
11
9
13
10
9
19
15
11
10
15
11
9
21
14
11
9
10
15
12
11
11
12
10
11
10
12
12
8
9
10
13
11
9
13
11
11
18
12
12
17
15
11
12
10
12
11
13
16
10
9
9
15
8
9
16
16
10
11
10
11
10
17
9
8
11
16
11
10
13
11
12
15
15
12
13
12
15
10
14
12
10
14
9
13
17
10
13
13
11
12
14
12
14
10
12
11
10
15
13
9
15
16
14
10
11
12
10
9
14
15
9
11
11
25
12
14
11
12
10
12
10
15
9
10
12
8
14
16
9
11
11
8
14
11
10
11
13
14
14
15
14
10
13
20
12
10
11
11
9
15
12
15
10
18
14
13
10
12
15
9
10
11
15
14
15
16
9
16
12
16
9
12
10
17
13
10
11
12
10
14
16
16
12
9
13
9
9
12
15
8
10
12
13
12
16
8
18
9
13
12
11
11
12
13
14
11
9
13
8
15
10
14
11
10
9
16
11
10
17
12
12
14
10
11
9
14
9
9
13
15
15
14
10
11
11
12
13
9
9
13
11
11
13
13
13
9
10
15
17
12
9
12
13
11
16
11
16
9
15
12
13
9
17
16
12
13
12
8
12
15
11
14
14
9
9
11
11
10
9
10
13
14
12
11
12
13
16
11
8
10
11
11
12
10
14
14
16
11
14
12
12
11
18
15
11
12
14
12
12
13
11
10
9
12
11
17
13
15
13
15
10
13
13
12
9
13
9
12
9
16
11
11
10
10
9
8
11
12
11
9
13
11
15
9
11
10
9
13
14
10
11
8
8
12
10
