16
12
11
10
15
17
9
15
16
10
9
13
16
15
10
16
11
9
13
15
11
18
12
17
14
17
12
22
14
16
19
29
21
17
12
19
10
10
16
11
13
17
17
14
18
10
15
10
14
10
14
13
9
12
15
11
15
12
19
16
10
13
13
22
16
14
12
15
13
15
12
15
13
17
10
21
18
14
14
15
14
15
9
16
16
23
12
9
19
11
17
27
14
10
16
10
19
22
14
12
15
15
10
15
11
23
12
17
14
11
17
12
17
11
14
17
16
14
19
11
16
12
14
16
13
16
11
12
12
10
12
12
35
20
12
18
23
13
14
19
26
15
11
15
16
12
12
18
16
14
10
13
12
17
16
12
13
11
9
15
10
17
16
20
9
14
12
12
12
17
18
17
11
13
13
12
10
10
14
13
16
11
13
16
12
16
11
8
14
11
11
20
11
12
11
17
11
13
19
10
21
15
10
12
12
14
12
9
14
16
12
13
18
16
18
17
11
14
12
12
16
11
11
13
13
11
15
10
15
16
19
18
11
15
18
15
11
33
17
15
17
19
11
14
12
9
10
16
17
10
12
10
10
15
11
11
13
9
18
13
9
16
13
20
10
21
19
14
18
18
16
9
13
14
13
16
18
11
10
16
12
13
19
11
12
18
12
17
11
13
12
12
14
13
12
11
15
9
14
16
10
10
16
14
13
14
11
14
14
13
10
15
20
12
12
10
16
11
15
10
14
12
13
20
14
15
9
12
12
10
14
11
10
17
15
15
14
14
14
15
14
11
14
10
13
20
15
18
17
9
18
19
25
10
21
13
12
13
11
11
14
14
9
11
13
9
18
16
18
13
12
16
18
15
15
14
14
15
23
19
11
20
17
16
12
12
16
21
17
11
12
10
14
13
13
14
21
12
14
18
13
15
11
12
21
12
35
19
15
15
12
13
15
22
13
17
22
14
10
13
13
10
10
15
16
16
16
14
21
11
19
13
13
12
15
15
13
23
13
9
9
16
13
10
16
14
12
17
15
9
11
9
11
21
9
10
15
15
9
18
10
29
22
11
10
21
12
15
13
13
23
11
15
12
14
18
11
14
18
12
13
12
26
17
25
10
13
10
16
11
10
15
12
13
13
14
15
18
15
11
19
19
13
15
12
12
17
14
13
13
12
11
13
16
28
15
13
14
11
13
14
9
14
11
17
14
12
12
9
13
18
13
12
8
19
17
9
12
19
13
13
10
9
16
14
13
17
13
12
12
15
12
16
12
11
8
12
10
15
15
14
22
14
12
12
11
13
18
12
14
19
13
15
13
19
24
14
9
12
9
11
11
14
14
14
15
14
12
12
15
10
12
13
21
31
12
12
33
10
16
9
