10
13
13
13
10
17
12
14
14
10
11
13
13
11
11
9
11
15
11
13
19
15
9
10
9
14
10
13
15
16
14
12
16
13
10
15
19
9
9
12
16
14
11
10
17
11
12
13
17
12
18
12
10
21
12
21
12
10
17
13
10
15
10
15
14
14
13
15
11
14
10
12
18
10
13
12
17
11
9
9
12
17
11
15
14
12
10
11
17
8
10
11
12
13
11
17
13
17
16
14
18
12
11
12
16
15
9
10
17
11
14
13
9
14
14
10
12
10
12
12
14
10
11
8
11
12
10
12
13
15
11
13
11
14
12
10
15
9
15
16
14
11
12
12
13
14
16
12
13
11
18
16
13
11
14
12
9
11
17
13
17
13
9
10
16
12
13
16
13
15
15
13
10
11
11
12
13
10
13
14
11
15
17
10
16
12
13
11
21
14
13
10
12
13
15
19
16
8
11
11
15
12
17
16
11
10
10
15
10
12
18
13
14
13
10
11
12
10
13
14
19
9
12
21
12
12
13
14
8
16
11
12
11
19
13
18
10
15
13
14
13
10
12
11
14
9
9
14
12
16
14
11
10
11
12
18
18
10
11
10
12
15
15
11
11
9
15
15
13
11
10
15
16
11
14
15
16
11
10
15
13
9
9
15
10
10
14
12
14
11
15
13
22
23
15
14
12
8
16
12
8
12
13
14
15
16
10
16
11
14
8
12
14
14
14
12
20
16
9
14
10
10
11
12
15
11
12
10
9
10
14
18
14
13
13
9
11
11
11
10
8
11
11
12
9
10
9
15
17
17
14
10
14
10
11
11
17
12
12
12
13
11
25
17
11
12
11
11
14
10
13
12
9
19
13
10
11
9
16
8
12
14
9
14
12
20
12
14
11
18
13
12
15
13
11
11
11
13
11
14
18
19
18
12
9
13
15
16
11
16
10
16
13
17
11
10
10
9
10
9
17
12
15
11
20
15
10
16
10
15
14
13
13
14
16
13
14
10
15
16
17
11
10
19
14
9
12
11
10
9
11
15
17
10
15
11
15
27
8
11
10
14
14
13
10
10
10
21
12
14
19
11
13
21
11
12
16
17
12
10
12
10
10
16
11
13
15
13
15
15
12
13
16
16
13
9
14
11
14
10
14
16
11
16
13
13
16
17
10
14
18
10
15
10
12
14
22
14
22
12
20
9
11
17
11
14
12
14
17
15
14
15
14
12
19
17
14
10
13
13
9
9
12
12
19
10
9
9
11
10
13
9
15
12
10
13
15
15
15
13
10
9
11
13
9
9
13
19
13
10
14
18
18
13
12
13
10
14
13
15
12
10
11
14
11
14
12
19
13
15
12
13
12
14
12
11
11
17
12
13
20
11
13
