9
10
9
9
8
9
10
8
9
10
13
11
10
8
11
9
9
10
8
9
11
9
13
8
12
10
8
9
9
10
11
9
10
10
10
10
11
8
10
9
9
11
11
8
8
9
9
9
8
9
9
12
10
9
9
10
11
9
9
11
9
8
9
8
9
9
8
10
10
8
8
9
9
12
12
8
9
10
9
9
9
10
15
9
8
12
10
11
12
10
10
18
8
10
8
8
9
9
9
10
9
9
9
9
9
8
9
12
12
8
9
9
10
21
9
11
9
8
9
9
9
9
8
11
9
8
11
8
8
9
9
9
11
12
13
9
14
10
14
9
9
9
9
16
9
8
9
8
9
8
9
9
11
9
10
9
13
9
12
9
11
10
9
9
10
9
11
9
12
12
14
9
9
9
9
9
8
9
10
8
9
8
9
11
10
9
16
8
9
8
11
9
9
10
9
10
13
10
9
8
10
8
9
9
9
8
9
10
8
11
8
10
11
9
8
10
9
8
9
9
10
9
10
9
9
9
9
9
8
10
9
17
10
8
9
8
9
8
12
9
9
11
9
10
12
9
8
9
15
8
9
14
11
10
9
9
8
8
9
8
10
10
10
15
9
9
9
9
9
8
8
9
8
10
9
8
9
8
8
8
10
9
9
9
13
9
8
14
11
10
8
9
12
9
13
9
9
8
9
8
9
11
8
9
9
10
10
12
10
13
10
9
9
9
11
11
8
8
10
11
9
9
8
8
9
8
9
8
13
9
9
9
18
9
16
10
9
9
11
8
14
8
10
10
10
9
9
9
10
8
11
9
9
20
9
8
9
9
11
8
9
8
8
9
13
9
9
9
9
11
11
9
14
9
9
9
10
11
10
9
8
9
9
8
9
8
10
10
9
11
8
16
11
8
9
9
8
10
9
10
10
10
9
10
11
8
12
10
10
9
14
9
9
9
9
10
12
11
9
9
10
23
9
11
9
9
10
8
8
8
9
11
11
9
21
10
10
10
11
9
13
9
8
10
9
10
10
9
9
11
10
9
11
9
11
8
9
8
9
9
11
9
8
10
10
9
8
14
10
9
8
12
9
8
9
10
8
12
9
11
10
9
10
9
9
10
8
9
9
11
11
9
10
9
9
9
10
8
9
12
14
10
10
8
9
9
9
9
9
8
10
9
8
9
10
10
9
10
10
12
9
10
10
9
12
14
9
9
8
8
9
9
9
11
9
9
10
9
9
9
9
9
9
9
9
9
9
13
11
8
12
9
9
10
8
12
19
10
9
10
9
9
9
9
9
8
9
11
10
9
12
8
10
9
10
14
10
9
9
10
10
10
10
8
9
9
9
10
10
21
9
9
8
9
8
9
8
9
9
10
10
9
9
