41
42
43
47
40
42
42
44
37
39
36
43
39
35
38
43
38
44
41
38
42
35
40
36
42
40
46
41
39
42
40
48
43
42
37
39
40
46
35
38
44
40
37
39
40
39
41
43
40
44
37
35
35
41
42
37
39
40
41
41
42
34
38
39
44
38
42
43
37
35
40
39
39
38
42
41
40
42
40
41
41
36
45
41
41
41
41
36
36
40
38
39
43
40
34
39
40
34
42
39
44
38
40
47
47
41
43
41
36
40
40
36
40
41
42
41
38
37
46
42
36
49
37
41
41
35
42
44
38
51
43
42
38
38
43
40
41
50
41
40
32
39
41
44
40
44
36
41
44
46
41
40
44
40
37
37
40
33
42
44
48
45
41
46
44
39
43
40
46
39
39
46
43
36
40
40
41
37
42
38
40
41
39
38
45
35
42
43
42
42
43
44
39
41
45
45
41
42
43
36
36
39
40
36
41
40
37
40
41
43
43
42
40
41
39
41
42
36
44
43
42
39
49
42
38
38
43
36
40
40
40
35
41
39
39
42
39
38
45
42
48
43
36
46
44
41
36
37
34
40
37
34
40
45
41
46
37
40
40
41
42
43
37
42
44
42
44
31
41
39
36
43
47
43
36
40
45
33
41
41
49
47
47
42
42
35
40
45
38
39
35
40
42
44
37
47
33
45
42
38
33
42
38
44
37
37
39
38
37
39
41
38
44
40
38
39
49
43
37
42
39
43
38
38
43
47
39
38
46
39
35
44
44
38
40
42
34
37
39
38
39
34
36
41
41
39
43
50
42
45
46
40
40
49
40
41
42
40
41
41
41
40
44
42
40
42
37
42
43
39
40
39
40
42
42
37
39
43
43
38
40
42
42
41
47
42
36
38
36
42
43
39
36
41
36
40
43
42
38
42
42
39
43
36
43
42
38
43
43
44
35
44
43
39
47
33
42
44
38
37
43
42
42
43
39
38
45
40
44
41
34
38
45
40
44
37
38
44
35
44
40
40
34
43
39
33
43
38
45
38
36
38
40
35
36
48
40
47
39
40
43
44
41
44
40
36
42
41
41
38
45
47
32
46
44
40
38
37
36
41
48
41
41
40
43
34
43
43
32
34
33
48
44
42
38
41
36
40
37
43
43
44
36
43
41
41
42
37
47
44
38
43
41
40
44
35
44
36
40
43
41
41
44
37
39
43
40
50
42
37
45
40
35
36
39
42
44
39
38
41
39
40
44
35
36
36
38
40
41
35
37
38
41
39
38
37
44
38
37
38
33
38
43
40
40
36
40
45
42
45
39
37
40
42
42
39
41
44
34
36
42
45
46
43
40
43
45
45
35
39
39
37
42
41
36
41
38
49
39
41
