31
29
33
30
34
34
29
32
28
30
30
34
31
35
30
30
31
31
33
36
35
31
33
33
37
37
37
35
32
31
31
28
33
34
31
32
30
33
33
35
33
32
32
28
35
36
35
30
31
30
32
33
30
29
32
32
34
31
34
30
36
37
32
31
34
33
28
32
29
31
36
34
28
29
32
33
27
30
33
31
34
30
35
29
30
32
33
33
34
31
32
37
29
32
35
34
30
31
30
34
32
36
33
30
32
36
34
35
32
32
30
40
31
34
30
31
31
31
32
42
32
33
29
37
31
34
31
30
30
33
39
31
33
33
29
34
33
30
31
30
29
29
31
30
35
28
31
33
29
31
36
28
39
32
32
31
32
33
32
35
36
32
34
33
33
35
31
32
33
34
34
31
35
33
34
39
32
28
30
33
36
34
33
33
29
30
32
30
31
32
31
33
35
31
32
32
30
30
31
32
33
32
31
28
37
34
31
33
27
31
31
33
28
28
32
27
31
31
34
33
32
27
31
30
37
30
34
29
32
33
30
32
32
30
27
32
34
32
31
33
34
29
30
34
29
32
36
31
33
34
33
34
31
32
30
31
36
33
32
33
34
35
31
32
34
35
33
32
31
30
31
31
36
32
34
28
30
36
30
31
32
29
31
32
28
34
30
33
31
31
33
29
28
33
32
28
28
28
36
35
29
32
30
34
32
27
35
37
28
30
32
26
33
31
29
32
31
35
35
34
30
37
27
37
30
29
32
30
31
27
33
32
35
39
37
33
31
27
32
34
30
32
32
29
33
30
32
30
35
33
30
32
39
35
31
30
35
33
32
31
33
32
30
35
32
36
33
30
31
31
36
34
30
32
38
34
27
35
36
33
32
32
32
30
38
34
30
37
35
30
29
32
33
28
31
32
35
33
30
31
33
29
36
33
36
41
33
32
29
30
37
31
36
35
30
30
31
31
36
33
34
31
33
31
30
38
31
34
31
37
31
33
34
27
29
34
33
32
33
35
31
32
34
30
31
26
32
30
30
32
33
32
34
35
36
32
34
32
36
30
32
40
34
35
30
31
35
33
33
31
35
36
33
37
32
29
36
31
32
30
32
36
31
33
32
37
34
32
32
36
34
33
30
36
32
33
31
30
35
31
31
29
30
30
31
33
33
30
33
33
33
27
32
29
30
35
31
34
30
32
31
30
31
31
30
34
36
33
34
36
29
32
29
32
31
28
32
36
32
33
34
33
31
32
27
30
33
29
31
30
30
30
31
34
33
32
31
32
32
36
36
35
30
31
38
32
35
31
31
31
38
28
34
33
28
33
34
29
39
35
36
32
30
31
32
32
34
28
34
34
33
33
35
34
30
31
33
33
32
37
