28
28
28
29
30
28
30
27
29
28
27
26
30
29
27
25
28
29
29
31
31
27
30
29
32
27
28
32
27
28
27
30
32
28
27
27
25
31
27
29
26
28
28
29
27
29
30
30
29
29
29
29
28
27
25
27
26
26
27
28
29
30
26
27
27
26
25
30
29
25
28
27
29
27
30
32
29
29
36
29
28
31
27
28
30
30
27
28
28
29
27
29
26
26
29
27
29
27
31
30
30
27
27
26
28
27
29
27
29
26
29
29
29
30
27
28
28
30
27
29
31
28
30
29
28
27
31
27
28
26
26
26
29
29
31
27
29
29
30
26
28
30
29
29
30
27
28
27
25
26
27
26
27
28
29
27
28
30
30
28
26
31
28
28
28
28
32
27
27
30
29
28
28
31
28
26
27
29
27
28
28
28
30
28
28
29
29
29
31
27
29
29
29
27
27
28
28
27
30
29
31
27
28
30
28
27
32
26
27
30
28
27
27
29
29
29
29
27
27
29
29
28
27
31
29
28
30
29
28
27
29
28
27
27
29
26
30
30
27
32
28
29
28
29
27
25
29
28
28
29
31
28
28
28
27
25
31
29
27
29
29
27
27
26
26
27
26
32
27
31
27
30
28
27
30
30
29
27
28
26
29
26
29
28
27
30
29
30
26
29
26
30
28
26
29
26
26
26
30
26
30
28
27
27
30
32
26
28
29
27
27
29
26
30
29
30
30
26
27
29
29
31
30
29
29
28
30
26
25
33
29
31
30
28
29
28
27
27
28
29
29
30
27
29
26
26
26
31
28
26
26
28
28
27
27
29
27
31
25
28
29
26
30
31
27
30
28
27
29
26
28
27
29
29
26
30
28
27
32
30
28
27
26
26
31
31
26
28
28
31
27
29
27
30
33
27
28
28
28
26
28
29
29
28
30
27
28
30
28
30
27
32
30
27
30
27
28
29
26
27
33
28
26
28
29
28
26
28
28
28
28
28
26
27
29
27
26
28
28
26
28
28
30
27
27
27
30
30
27
26
30
28
29
28
27
27
26
28
34
26
28
28
32
29
27
29
30
29
28
28
26
30
28
30
28
30
28
31
28
30
28
31
29
29
28
28
31
28
27
30
31
28
27
29
27
27
28
29
27
29
26
28
29
30
27
28
26
26
30
32
27
30
27
29
29
27
29
29
26
29
29
29
26
28
35
28
28
30
29
32
27
27
28
27
26
30
29
26
27
31
28
28
30
30
30
29
30
31
30
28
30
26
26
29
29
28
27
28
27
30
25
30
27
30
29
28
31
27
30
29
29
33
30
28
29
29
28
29
31
26
29
28
28
25
31
26
28
26
28
29
29
28
26
28
27
27
28
28
29
27
