17
14
21
17
22
18
18
15
21
16
19
17
16
17
18
16
20
21
18
15
18
18
16
16
15
19
19
20
18
17
18
15
17
15
17
18
18
16
17
20
19
15
16
21
17
17
23
18
14
15
16
16
15
20
18
18
14
17
21
18
18
17
17
19
20
23
22
16
15
18
19
16
21
22
17
19
20
21
18
17
20
16
18
18
18
15
16
19
21
18
15
16
15
23
22
17
15
18
14
22
24
15
19
17
16
18
17
16
15
21
18
17
20
21
23
19
14
22
19
20
20
24
18
25
23
20
23
15
17
17
18
21
26
19
21
19
20
18
20
20
19
15
15
16
19
17
23
17
18
19
19
21
13
22
20
14
17
17
16
22
19
19
16
22
22
18
20
18
23
14
16
20
20
16
22
18
17
23
15
16
16
19
18
17
16
14
18
17
18
20
16
16
19
14
16
18
17
15
22
17
16
19
17
20
22
15
21
20
15
21
17
17
17
24
14
17
20
16
22
20
18
18
15
21
18
17
17
19
22
18
19
17
16
18
18
18
25
17
20
22
19
15
19
20
18
20
21
19
19
14
16
19
19
19
15
15
17
15
15
22
17
16
19
18
15
15
16
16
17
20
20
17
19
22
16
22
21
18
17
17
15
19
17
14
20
20
19
20
18
16
15
15
21
16
19
15
15
17
20
16
19
20
16
18
17
16
21
15
21
16
18
21
15
21
24
19
18
23
17
17
15
18
13
17
19
16
20
17
15
22
18
20
18
18
16
18
19
20
18
15
17
27
20
16
16
20
15
21
14
19
17
17
19
20
20
15
18
15
20
23
16
18
16
13
19
18
20
14
14
17
19
17
14
17
15
16
21
18
16
15
18
18
19
15
18
19
17
20
14
20
13
20
19
20
18
18
21
21
16
16
20
21
24
20
17
16
15
18
17
18
20
19
20
21
19
20
19
16
18
19
20
19
20
18
16
24
18
17
17
14
22
24
17
17
20
14
17
20
21
20
19
18
16
21
19
19
20
14
16
16
15
13
16
17
16
18
17
17
18
17
15
17
17
17
15
18
18
19
17
15
17
16
24
17
19
19
16
19
19
18
16
21
18
15
18
16
17
17
17
18
17
19
15
17
20
18
15
17
16
21
17
16
17
14
19
22
19
22
17
17
17
17
20
21
22
22
20
22
20
18
22
19
16
16
20
23
22
21
16
20
17
18
23
25
14
15
21
20
18
18
17
17
18
21
21
19
16
26
18
18
19
18
16
15
17
16
17
17
18
17
21
17
17
17
20
18
14
17
17
15
18
16
16
18
15
17
16
16
23
17
21
17
19
21
19
18
14
16
15
26
20
21
14
19
17
17
17
18
19
13
