37
34
38
39
41
36
36
37
37
40
36
38
38
36
38
39
38
34
37
38
40
35
39
37
38
36
35
38
38
39
36
36
40
38
36
37
37
41
38
41
37
36
36
38
38
36
36
36
37
39
35
39
36
40
37
38
39
38
38
40
36
36
35
36
41
37
37
38
35
39
38
37
39
36
42
39
39
37
37
36
38
39
37
39
38
34
39
35
35
39
36
41
40
38
39
36
39
36
38
39
36
41
37
37
42
38
36
39
41
36
38
37
40
38
36
38
37
41
35
37
37
39
36
38
38
39
41
37
36
37
35
36
38
36
37
40
39
35
38
39
37
40
37
38
35
38
40
38
38
37
37
39
38
37
35
38
39
36
37
34
39
37
38
38
36
38
39
38
39
33
38
37
35
38
36
37
38
36
38
38
37
35
37
37
38
37
37
41
35
37
35
37
38
37
37
38
40
38
36
38
36
36
41
36
39
36
39
35
38
35
40
35
36
38
34
40
37
37
34
41
38
40
39
39
36
39
37
36
39
42
36
38
37
39
38
38
41
34
35
36
38
37
35
34
38
36
39
36
40
38
37
38
39
38
39
35
40
37
39
40
37
36
36
39
36
39
38
38
38
37
36
38
39
40
40
39
37
37
36
40
38
38
36
40
38
36
36
37
37
43
38
36
36
39
39
36
39
38
37
36
39
40
38
36
38
35
38
39
38
36
35
35
39
38
37
36
39
37
37
37
40
39
37
38
39
36
35
37
36
39
34
34
36
38
36
41
37
37
36
37
39
39
37
40
38
38
39
44
34
40
35
36
40
36
38
39
40
39
36
38
35
36
35
37
36
38
36
39
36
38
39
38
36
39
39
34
35
37
34
35
37
38
42
39
37
38
41
38
36
40
38
37
35
37
36
39
36
37
38
36
41
37
38
44
38
39
35
35
37
38
38
41
39
36
38
38
38
38
36
40
36
35
38
36
38
37
38
40
40
33
42
38
34
34
37
37
39
38
38
36
40
41
36
38
36
39
35
38
37
38
38
35
37
38
33
38
38
36
36
37
36
34
40
40
39
37
37
37
37
37
39
37
38
36
39
38
36
36
41
38
40
36
38
39
37
38
37
38
35
37
38
38
37
36
43
35
39
34
35
37
38
37
40
38
36
39
35
40
40
36
38
39
39
36
35
38
35
42
37
39
37
35
38
42
40
40
36
34
37
37
38
38
37
41
37
37
38
36
40
36
36
42
36
38
39
38
36
35
41
35
41
39
37
36
35
40
35
39
36
35
37
36
36
39
36
38
36
36
39
38
36
36
35
38
37
35
38
39
37
40
37
39
37
40
41
38
38
38
38
38
39
38
38
37
39
37
38
36
37
35
