48
47
48
41
46
44
43
52
47
43
48
47
45
46
46
46
44
46
51
44
46
49
46
45
44
43
54
46
42
54
48
40
48
45
42
52
47
52
47
40
46
46
45
46
45
46
46
47
49
46
42
47
47
47
44
45
44
44
50
49
47
53
47
42
43
51
46
53
50
41
42
48
49
45
43
44
46
50
49
46
42
50
44
47
47
42
44
50
45
48
47
47
44
43
49
48
47
45
44
44
43
42
45
51
43
52
40
40
42
46
55
42
44
52
43
40
47
49
52
53
47
44
44
44
50
48
43
45
49
47
45
53
44
40
47
49
52
49
39
45
44
49
41
48
46
45
42
40
44
45
49
46
48
47
46
40
48
45
49
47
47
50
49
47
42
50
50
50
45
49
47
41
47
41
46
47
43
45
49
44
45
46
50
50
43
47
47
44
48
49
43
47
44
54
50
46
44
47
49
44
45
44
47
47
45
43
45
44
43
42
49
46
49
49
46
46
51
42
47
47
47
46
45
43
47
46
49
49
49
39
49
45
52
43
44
47
47
40
46
45
43
48
47
42
40
41
51
48
45
40
43
41
50
45
44
50
50
42
46
43
47
43
46
49
46
49
45
40
46
43
43
44
42
43
47
45
49
49
43
41
50
47
41
40
44
49
49
45
49
43
42
49
47
51
47
43
53
45
48
51
48
44
48
49
46
48
46
47
49
49
46
47
47
47
47
43
50
49
44
46
41
44
42
48
47
48
49
44
45
45
50
47
53
49
48
50
40
45
48
43
46
44
49
54
47
44
45
49
55
43
43
40
50
44
49
46
44
42
47
46
46
44
51
47
48
42
44
46
44
50
50
49
50
43
43
54
50
42
46
44
46
48
46
46
42
44
40
51
47
49
40
50
51
46
39
47
47
38
42
46
43
45
46
44
49
49
48
47
41
47
48
42
36
49
46
39
48
46
42
47
47
46
46
43
43
47
47
43
49
45
44
48
50
46
50
50
43
50
49
41
43
49
45
52
48
51
46
45
45
51
47
49
44
49
50
47
46
42
48
42
39
50
47
49
47
44
44
47
41
50
42
47
45
46
46
49
46
45
48
44
43
47
46
47
47
47
52
52
43
46
48
46
38
43
49
46
44
50
45
47
44
48
46
47
44
47
51
40
42
45
50
45
47
44
46
42
45
39
43
47
47
46
45
42
46
47
48
45
43
42
46
51
45
43
47
45
46
49
42
44
48
44
48
45
47
42
49
53
48
49
43
43
51
41
46
43
46
47
41
47
49
45
46
45
48
52
53
47
41
50
44
43
45
45
47
43
47
49
44
51
41
43
50
41
39
43
51
43
44
42
44
47
45
44
48
51
47
46
39
43
