25
24
26
28
28
28
27
24
26
29
25
23
24
24
27
23
27
23
27
25
27
27
25
24
25
28
27
25
29
28
29
27
27
31
25
24
29
25
22
24
28
27
28
27
24
24
30
24
27
29
24
23
25
26
27
25
27
26
31
28
28
28
28
25
24
25
25
24
27
28
22
27
22
26
30
28
29
28
22
30
25
29
25
29
26
28
25
28
27
27
26
25
26
25
27
28
25
25
29
28
30
25
24
24
23
28
28
28
25
25
29
29
25
30
24
26
26
24
28
23
29
26
28
30
32
26
23
26
25
29
27
26
26
24
24
28
25
22
28
27
25
26
24
28
29
26
36
27
29
25
33
23
25
27
26
32
25
27
28
23
26
29
30
29
28
27
26
25
28
26
24
27
29
28
27
27
29
26
24
29
25
28
28
25
25
24
27
25
25
29
26
30
22
26
29
24
24
24
31
26
27
22
32
28
27
27
25
27
24
30
27
27
30
24
28
26
23
30
25
26
31
28
29
34
27
27
29
29
29
26
32
24
28
26
28
26
26
28
27
25
28
30
24
27
25
27
26
24
23
26
29
28
27
29
32
26
30
28
27
23
28
24
26
26
27
25
30
29
29
26
25
24
30
31
27
28
27
30
26
28
25
26
26
30
26
27
26
29
23
27
33
24
28
26
28
30
27
27
27
27
22
30
28
28
23
29
28
28
26
27
29
24
24
30
28
24
29
24
23
29
27
27
28
22
27
30
24
28
22
30
30
30
28
28
28
26
28
25
27
26
27
29
27
25
23
32
24
28
30
26
23
28
25
28
29
29
25
25
24
27
27
27
30
26
25
27
29
23
28
25
25
26
26
26
28
27
25
31
27
24
26
29
25
29
32
28
26
28
26
24
28
26
26
27
26
29
25
30
26
25
29
26
25
26
25
28
25
26
24
24
26
26
23
25
26
25
29
26
29
25
31
30
27
23
26
24
26
26
26
26
28
24
26
26
28
26
28
26
36
27
27
29
26
29
30
26
28
26
27
28
25
26
27
29
31
24
29
27
30
31
30
26
32
31
29
27
25
24
26
27
23
27
27
26
23
27
34
30
31
25
23
24
23
27
26
29
29
31
28
24
30
23
24
27
25
24
25
23
29
27
27
27
25
25
24
27
29
30
28
27
23
25
31
29
31
25
26
34
29
23
24
26
29
23
29
23
24
24
27
28
30
24
28
27
24
33
27
30
25
27
29
22
32
24
31
26
26
26
28
27
26
27
26
35
22
25
24
29
25
25
27
24
26
27
24
28
29
24
24
23
22
26
26
27
27
28
26
26
24
24
29
22
26
24
26
25
31
25
24
30
25
24
27
28
28
26
30
28
28
26
