39
42
39
34
35
37
43
36
38
39
34
39
36
38
37
41
36
37
32
42
35
37
34
39
39
37
35
39
34
38
36
38
37
42
33
39
39
32
41
40
42
38
39
32
37
41
31
35
36
34
40
35
36
34
34
39
36
34
37
36
38
35
33
38
37
39
37
36
38
34
37
34
41
39
46
41
39
40
34
37
39
41
36
34
34
36
43
39
38
38
35
43
39
31
34
35
38
41
34
38
35
36
39
42
38
42
37
39
35
38
38
41
31
36
35
35
36
38
33
36
41
34
36
36
34
37
38
39
38
39
38
37
35
36
34
36
38
36
43
41
40
39
38
41
34
42
37
39
41
37
33
37
42
40
40
41
41
36
32
42
33
33
38
39
47
32
34
39
39
36
38
40
38
39
40
34
39
38
38
35
35
38
40
36
40
36
40
43
35
35
35
39
40
40
37
40
39
39
35
42
39
40
38
39
40
36
33
41
34
35
40
40
38
37
38
42
40
41
38
36
36
38
41
40
39
39
36
37
35
36
42
39
37
34
37
35
43
36
33
37
39
37
38
35
38
36
38
39
34
37
39
32
36
39
36
38
35
41
42
36
39
41
37
39
36
38
43
33
36
39
40
42
41
40
37
39
40
33
34
37
36
37
37
35
37
36
39
39
41
33
40
38
37
40
41
40
36
36
40
40
41
40
36
38
37
39
38
36
35
37
39
39
37
45
36
33
34
38
37
33
34
41
44
38
38
37
42
36
38
33
38
41
35
34
38
34
38
38
39
35
34
33
33
37
34
39
36
34
38
42
40
43
35
34
36
38
37
34
39
37
38
36
38
36
38
35
41
46
38
37
36
36
35
34
35
38
36
37
36
37
39
33
38
36
37
39
32
36
39
41
38
43
36
38
36
35
31
36
37
37
41
36
38
38
35
40
39
36
42
38
38
34
36
41
37
38
35
39
37
39
34
37
36
38
38
37
38
42
39
41
43
37
40
33
37
37
42
39
37
35
41
38
35
37
33
39
38
35
38
40
37
41
41
35
40
35
39
32
36
39
39
43
37
37
33
37
33
37
40
36
46
31
38
40
38
39
33
37
34
37
36
42
38
39
38
32
35
37
37
38
39
36
42
36
38
35
39
38
31
38
36
37
39
41
42
33
37
34
34
42
32
38
35
38
40
36
41
40
36
40
44
41
42
38
37
39
39
35
39
35
37
40
39
39
41
38
36
35
37
40
37
42
36
29
43
32
37
36
44
37
44
33
34
40
37
40
37
36
41
36
37
37
35
34
38
35
37
33
35
33
36
34
40
38
39
37
39
42
35
38
31
32
37
40
35
38
40
38
38
38
34
37
36
39
41
41
38
42
37
37
