36
31
35
31
33
37
34
36
31
31
29
34
31
33
34
34
33
35
35
36
34
34
33
32
36
31
32
32
33
34
33
37
32
31
34
35
33
31
34
32
34
34
33
32
31
32
32
34
33
31
35
35
31
34
33
36
31
33
36
32
33
33
32
34
33
30
35
34
32
32
32
33
34
33
32
33
34
34
30
32
31
36
33
36
32
32
34
32
32
33
34
32
32
33
35
34
33
32
31
30
34
31
35
33
34
35
33
32
34
32
30
36
34
34
30
30
32
34
34
33
36
35
30
34
34
32
34
33
32
34
33
35
32
32
33
34
36
36
35
32
33
34
36
33
34
32
33
32
32
32
33
33
34
32
33
32
34
34
36
31
35
34
31
35
33
33
36
36
34
34
33
35
34
33
34
32
32
32
35
37
38
34
31
35
32
34
34
36
30
36
34
33
33
34
34
32
32
34
31
32
32
32
31
30
33
34
31
31
33
34
33
34
30
34
32
31
33
33
30
30
34
32
34
31
34
32
34
33
34
34
31
32
34
34
35
33
32
32
33
35
34
33
34
37
34
32
35
32
32
32
31
35
38
36
35
32
32
32
31
31
33
31
32
34
36
36
34
37
33
35
35
38
34
36
32
32
35
35
35
33
33
32
33
32
31
35
32
35
32
32
35
35
34
32
30
33
33
31
33
34
31
36
30
31
32
32
35
31
32
35
32
32
30
33
33
35
33
32
31
32
33
31
33
33
31
34
34
31
33
34
32
32
34
33
33
34
32
33
33
32
32
34
32
34
34
32
34
33
31
35
34
32
41
34
35
31
34
37
33
30
32
31
35
32
33
31
32
32
34
33
34
33
35
35
34
32
34
33
35
34
33
31
33
31
34
31
31
35
35
34
32
34
35
34
32
33
31
36
30
31
32
33
33
34
34
31
32
33
33
33
34
34
33
34
31
34
32
34
32
33
32
34
32
30
32
33
33
33
32
34
34
35
39
34
35
32
31
31
33
31
33
35
32
34
32
37
32
33
31
32
34
35
33
34
31
34
34
35
36
35
34
34
36
35
30
32
32
36
36
33
31
32
35
32
37
31
32
33
33
37
33
32
32
33
30
32
34
31
31
31
36
34
32
36
34
32
33
31
33
33
35
32
33
35
35
33
32
35
34
34
34
35
32
33
32
34
30
32
33
34
33
36
33
33
34
34
34
33
34
34
33
32
31
37
29
32
30
35
31
30
33
37
33
35
31
32
35
33
33
34
32
36
32
34
32
32
32
33
35
32
32
31
33
32
35
34
31
32
37
34
33
36
33
34
33
33
33
34
31
34
31
31
30
34
34
30
32
33
32
34
34
31
34
33
34
36
34
33
33
32
