21
24
25
23
18
25
25
23
23
22
23
22
20
25
25
23
29
22
22
26
25
24
26
20
23
21
22
23
24
25
23
22
22
27
27
20
23
20
26
26
26
22
18
22
22
21
24
22
23
30
22
24
29
27
22
26
25
25
18
23
21
21
29
31
22
24
23
23
23
22
25
29
26
23
26
25
24
21
22
17
26
23
22
24
20
20
23
22
24
27
23
27
21
24
28
19
27
25
29
22
24
28
22
25
23
23
19
24
27
28
25
23
22
22
24
27
24
29
22
21
25
22
26
22
22
25
26
20
23
24
23
25
23
25
23
21
26
24
23
26
23
25
27
24
21
25
21
29
22
23
21
23
22
23
22
19
24
23
30
24
23
19
25
27
25
22
21
22
20
25
28
24
25
19
22
23
23
22
22
24
22
21
26
24
24
28
29
26
24
23
24
28
24
25
23
25
19
26
26
25
24
22
26
20
25
32
23
23
24
25
20
23
25
25
27
22
23
26
32
22
23
20
23
27
24
22
22
22
28
24
23
28
29
26
29
27
16
21
25
23
24
21
24
23
26
25
19
27
23
27
21
25
18
21
27
23
22
27
26
23
22
20
30
24
22
22
28
26
26
20
22
25
24
22
24
30
31
21
26
24
24
27
19
23
24
22
22
23
21
25
25
19
22
24
22
18
24
23
24
25
27
22
21
23
23
18
23
23
20
25
23
22
19
25
23
22
21
22
28
28
19
19
18
23
29
22
23
22
25
27
19
22
24
30
21
23
21
23
26
22
25
26
25
22
24
32
24
24
24
26
22
22
19
20
25
23
22
21
25
20
24
26
24
25
27
24
26
23
25
29
21
19
26
23
22
19
28
21
26
19
20
21
20
20
25
23
22
22
20
22
21
27
26
23
25
22
23
25
23
23
21
25
23
27
24
24
26
22
25
27
23
20
21
26
27
21
24
25
25
23
31
26
20
30
24
22
22
22
23
25
21
23
26
27
23
26
24
29
23
26
23
24
20
23
23
26
21
23
26
22
25
26
23
23
24
26
23
23
24
24
21
22
20
23
19
21
26
19
26
26
26
25
25
27
22
22
19
26
21
26
25
26
29
29
22
20
23
23
21
27
22
23
23
21
21
25
23
26
24
21
21
27
25
17
21
27
21
24
23
20
24
27
25
24
22
26
26
27
23
21
22
24
23
24
23
19
27
22
22
25
29
27
25
21
20
24
29
21
27
29
22
25
30
28
21
26
19
34
22
27
23
26
27
21
23
22
23
23
28
24
25
19
24
21
28
23
20
20
22
28
27
28
23
23
28
20
20
24
24
26
23
21
21
21
19
20
24
23
25
23
24
26
23
22
25
21
21
24
24
25
