42
44
46
43
44
48
48
43
45
42
45
41
44
44
38
43
39
39
40
45
39
45
47
42
37
43
43
43
41
39
45
48
44
43
44
39
41
45
39
37
40
45
41
44
46
46
42
41
46
46
42
44
46
45
43
38
40
46
39
43
41
49
38
46
45
48
46
41
45
49
38
45
46
39
44
49
38
40
41
44
43
44
40
40
39
40
42
41
44
44
44
42
41
43
39
44
43
45
41
47
45
45
39
41
43
43
40
40
42
45
39
42
48
45
41
39
39
39
48
44
38
40
37
41
39
47
42
40
45
41
45
40
46
45
43
43
44
45
42
40
40
43
45
46
46
45
40
41
50
45
37
44
37
44
42
46
42
43
40
44
47
43
45
45
42
45
46
42
44
44
41
44
44
41
40
45
47
43
46
45
42
44
43
48
43
44
45
46
45
44
45
40
45
49
44
48
40
43
38
43
43
40
46
47
41
44
43
44
47
46
41
40
42
39
45
47
47
42
40
44
48
45
43
43
37
40
35
48
44
42
42
43
43
41
41
44
40
42
37
41
40
46
41
42
45
42
44
42
42
43
41
38
42
47
43
43
41
44
38
40
40
37
45
37
45
44
42
47
42
43
40
46
42
44
39
41
47
36
45
46
42
44
45
40
40
42
43
44
45
38
43
41
45
43
41
43
43
43
40
44
46
42
39
44
44
45
41
44
44
44
46
47
43
36
42
46
44
40
41
49
44
39
42
40
39
41
44
42
40
42
45
42
49
49
40
40
42
39
45
44
43
42
42
46
41
42
42
40
43
43
45
44
40
40
44
41
43
47
41
42
43
41
38
45
43
41
40
38
46
41
44
40
45
47
42
42
40
39
43
41
45
40
46
46
44
37
39
47
38
43
46
40
41
43
46
42
47
46
42
42
47
41
45
46
46
39
47
42
46
37
41
43
43
40
42
47
42
40
40
48
42
41
41
43
45
42
47
44
43
42
46
41
44
41
42
46
43
43
41
42
43
39
44
42
40
43
44
41
44
42
43
38
39
43
44
44
40
40
38
41
39
45
41
46
48
45
46
43
42
48
47
44
44
43
43
45
40
41
46
42
41
37
45
49
41
46
44
41
39
39
45
41
44
44
39
44
43
46
42
49
38
48
46
40
43
41
40
38
45
38
39
42
43
45
45
41
43
44
41
38
45
41
49
37
42
42
38
39
46
40
41
42
45
44
42
43
43
41
45
47
45
42
45
39
43
39
39
43
42
44
43
45
43
42
46
40
40
43
42
40
44
44
42
38
42
39
39
49
43
48
44
40
45
45
37
46
40
46
40
39
44
42
40
41
41
42
39
43
44
42
41
49
45
45
43
43
46
44
39
38
