10
15
11
13
13
14
10
11
12
14
11
13
9
10
10
13
10
12
12
11
14
9
11
13
12
10
12
12
14
9
16
12
13
12
11
15
11
11
10
12
15
10
11
10
11
14
13
13
13
14
11
15
11
14
13
11
12
10
13
12
8
12
11
11
13
16
14
11
12
13
14
11
16
11
11
13
10
11
14
10
12
9
12
18
11
10
9
12
10
11
12
15
13
14
13
10
11
10
9
11
12
8
14
14
14
11
13
12
8
12
14
12
11
17
11
10
11
9
14
10
11
14
9
10
14
17
12
10
9
11
10
14
14
13
12
10
14
12
11
11
16
19
15
11
12
9
15
10
14
13
9
14
13
10
13
12
10
13
12
11
13
14
11
13
12
13
11
15
12
10
12
12
12
12
10
11
10
10
14
12
9
16
15
12
11
11
14
11
13
12
11
11
9
12
9
12
8
14
10
9
11
11
13
10
15
12
10
11
13
9
11
10
10
11
13
13
11
11
13
11
9
11
10
15
13
11
8
8
9
12
12
11
11
9
11
19
11
13
9
15
11
12
10
11
11
11
9
11
12
13
12
14
13
13
11
10
10
16
15
8
10
18
12
15
10
14
11
14
10
12
13
18
11
9
15
11
14
11
15
13
9
12
11
14
15
16
12
14
15
11
12
11
10
10
9
16
17
12
12
10
9
13
14
14
13
10
16
12
9
12
12
16
10
13
12
11
12
17
18
12
15
15
13
11
9
12
11
11
9
11
8
15
15
11
16
12
14
11
11
10
9
12
13
11
11
10
11
9
11
8
14
15
10
9
12
14
13
12
15
18
16
15
10
14
10
14
8
14
12
10
10
17
11
14
13
9
10
11
11
15
13
9
15
11
12
13
13
10
12
15
14
13
14
9
14
14
15
15
11
14
21
13
12
15
10
12
9
14
11
13
16
10
10
11
14
12
15
12
12
13
14
11
15
10
15
11
12
13
11
11
10
10
9
14
13
13
9
12
13
15
14
11
12
9
15
12
11
11
12
12
10
13
13
8
13
8
13
11
9
12
12
10
13
11
12
9
11
9
14
12
10
11
8
13
15
9
13
10
12
8
9
10
13
16
10
12
19
15
14
10
14
13
11
12
14
15
10
15
9
13
9
16
16
10
11
14
9
10
13
13
14
12
13
11
15
9
18
13
9
14
12
11
12
10
9
11
11
16
15
8
16
15
12
14
13
12
16
11
14
13
9
9
15
9
10
11
13
12
12
14
12
11
14
13
12
10
14
12
13
11
12
8
12
17
11
12
11
10
15
14
10
14
14
17
12
12
12
15
11
10
13
13
14
12
14
10
10
15
10
17
16
10
16
11
8
12
11
11
15
16
