33
31
27
31
27
32
27
31
34
32
28
29
26
31
29
30
27
37
29
31
31
29
30
26
27
25
29
29
31
29
32
26
32
27
37
28
31
29
24
25
30
32
27
32
26
28
31
36
29
31
31
32
27
25
34
28
33
28
29
27
27
27
30
25
34
32
28
31
28
27
29
28
26
26
27
30
27
33
34
32
32
28
27
30
28
25
37
32
34
28
29
26
28
32
28
29
32
27
29
32
28
31
32
31
22
24
33
26
28
36
30
31
31
30
25
29
33
30
29
26
31
32
28
28
29
29
36
30
26
36
29
27
28
31
29
27
31
27
27
28
27
31
28
31
33
24
28
25
29
30
37
30
31
26
28
29
35
32
35
30
31
30
27
33
30
30
29
30
28
33
27
30
30
28
34
28
26
34
30
32
34
29
27
35
29
27
32
30
30
30
33
30
30
24
30
29
33
32
29
26
25
28
32
32
28
29
28
28
32
33
30
31
26
28
26
32
29
25
26
28
32
28
34
29
32
30
28
30
29
33
31
35
28
31
26
26
31
34
29
30
31
31
35
33
33
26
28
25
33
30
34
32
27
31
30
31
29
26
32
32
30
28
31
23
24
30
27
33
29
30
31
29
32
29
35
34
27
32
23
31
27
26
28
30
31
23
29
25
30
31
28
30
25
29
24
28
28
28
29
27
27
29
36
29
30
32
34
26
25
26
32
29
25
34
26
33
28
31
25
30
24
27
30
30
28
32
27
28
32
27
30
27
32
34
31
30
32
25
30
29
29
27
31
31
29
30
24
28
32
31
27
30
26
27
31
30
28
24
24
35
27
29
29
33
34
35
31
30
33
29
31
31
32
29
27
30
28
31
30
30
28
29
30
32
29
33
32
28
33
26
35
31
32
30
28
29
30
31
25
29
29
30
30
30
31
32
33
33
26
29
26
28
33
25
27
27
26
30
30
28
21
29
26
28
34
26
36
28
32
31
36
30
25
32
25
33
29
35
26
30
31
32
26
30
28
35
31
28
27
33
33
34
27
25
29
34
36
31
27
29
28
29
30
25
26
27
30
27
32
26
27
24
28
24
37
25
29
24
30
28
31
32
32
31
28
35
30
29
27
29
29
32
31
28
33
26
32
28
29
30
24
31
28
29
24
27
25
31
29
29
33
36
27
34
28
34
27
33
27
28
29
30
32
27
33
30
29
25
24
25
26
26
25
30
27
29
36
34
33
26
27
33
30
29
30
31
34
29
30
34
28
28
31
31
29
30
33
38
27
27
27
25
31
26
30
27
24
29
28
28
31
28
25
25
31
32
31
28
32
28
31
35
30
33
30
30
28
28
27
30
26
26
29
33
27
33
36
30
28
27
