23
20
21
23
24
23
20
20
20
23
21
21
20
20
23
24
25
21
21
22
24
18
26
21
22
25
19
19
23
23
20
22
23
21
22
24
26
22
23
22
23
23
25
22
20
20
24
22
20
22
21
21
24
21
20
26
21
24
21
21
19
25
22
23
23
23
23
26
17
22
24
25
19
21
23
20
22
22
23
22
19
23
19
23
21
23
21
17
22
24
23
23
24
19
19
17
18
19
18
20
22
19
22
24
25
22
23
25
25
20
20
21
23
19
24
21
21
26
23
27
22
20
23
23
20
22
21
23
23
21
22
22
19
19
23
22
18
21
20
18
22
21
21
24
20
18
20
18
32
16
23
20
20
21
23
19
25
22
19
21
23
23
21
18
20
19
21
22
21
22
20
23
22
21
18
24
16
22
23
23
19
23
24
22
22
23
20
22
24
24
21
21
22
20
20
20
20
24
24
23
21
24
18
24
21
18
20
20
22
24
23
23
28
19
22
19
20
20
25
17
21
22
17
20
20
20
22
19
18
25
21
21
23
24
22
21
20
19
21
24
21
27
23
19
23
20
20
22
24
22
20
21
24
21
21
27
26
22
26
23
20
22
23
24
22
23
19
21
23
21
21
18
21
22
24
24
25
24
25
20
23
20
25
21
21
25
22
24
22
21
22
23
21
25
23
24
20
21
27
17
23
23
22
23
23
23
20
19
20
20
22
25
21
22
18
22
22
27
23
24
21
18
21
25
22
25
24
24
24
21
19
20
23
21
21
20
24
21
21
23
19
21
21
22
19
25
20
24
20
22
20
21
20
20
22
22
25
23
20
22
19
21
19
21
22
17
22
24
25
23
21
20
24
23
24
22
22
21
21
19
23
20
19
22
27
18
22
19
20
22
23
22
24
20
18
19
25
18
22
24
24
23
20
20
24
23
22
20
20
25
22
20
18
19
20
25
19
20
20
19
25
24
18
25
21
23
23
21
23
22
24
16
21
22
23
25
18
23
20
19
18
20
26
19
21
19
22
25
21
22
21
22
19
18
25
25
25
25
20
24
18
22
19
17
20
20
24
24
19
23
22
22
21
24
25
20
20
22
21
24
21
21
26
23
21
23
21
26
20
24
19
22
21
21
24
24
27
18
25
22
25
23
21
19
23
23
20
20
19
20
21
20
24
21
17
22
21
22
26
24
27
23
20
22
21
23
18
25
24
20
22
22
23
23
21
22
27
20
19
23
24
23
25
23
25
18
24
21
22
19
20
21
20
26
22
20
21
25
19
20
25
23
18
19
19
23
19
22
22
22
18
26
21
20
27
16
23
21
20
20
21
20
21
19
23
21
22
18
22
21
24
22
23
24
19
21
19
20
19
22
