35
40
38
34
35
31
35
39
33
37
35
34
36
37
37
36
34
38
36
32
36
34
38
34
40
34
36
32
34
35
34
34
37
34
36
33
36
35
35
34
32
35
37
35
34
37
35
35
34
35
37
35
33
36
32
35
35
35
38
34
36
33
34
35
34
33
35
33
39
36
37
38
37
37
35
36
37
37
31
33
36
34
38
35
36
34
35
34
33
33
33
38
35
34
37
37
31
33
34
37
37
35
31
36
37
37
36
35
38
39
36
30
34
35
33
37
38
38
34
36
31
35
33
35
36
40
33
37
35
37
39
35
33
35
31
33
34
33
33
32
34
35
36
35
33
36
34
34
34
33
34
34
36
32
36
33
30
33
40
34
35
36
34
37
34
35
33
36
36
36
38
29
34
32
35
33
37
37
39
36
35
36
34
35
37
39
34
35
35
35
37
38
38
39
34
38
33
36
37
33
36
30
34
33
33
34
37
33
32
38
35
36
32
37
38
33
40
35
35
35
34
37
32
37
38
35
35
36
35
34
35
39
31
40
34
38
37
38
34
38
36
33
36
34
36
39
36
38
36
43
37
36
37
37
35
36
34
36
34
39
36
34
33
30
35
34
34
33
33
37
35
36
35
33
35
36
32
34
35
37
36
34
35
33
36
34
35
36
33
33
37
35
34
33
33
34
32
36
36
33
34
36
36
34
38
33
34
35
33
32
34
32
36
37
33
33
41
34
33
37
34
34
34
37
35
32
33
35
36
35
35
38
36
36
36
35
37
37
33
34
34
36
33
33
33
37
34
33
37
39
33
33
34
34
33
31
31
36
37
33
36
33
35
38
34
35
33
34
37
37
38
35
32
31
36
34
34
32
33
33
33
32
37
34
37
36
35
33
38
37
32
37
33
36
37
31
33
35
37
34
37
35
36
33
38
36
36
32
37
32
34
35
33
34
33
35
36
36
33
36
38
36
35
38
39
33
33
35
37
35
40
34
31
35
35
35
36
37
38
35
34
34
34
35
35
34
40
36
35
34
36
33
37
33
37
33
34
36
36
37
36
33
33
33
35
31
32
37
38
33
39
30
35
33
37
34
34
36
33
32
38
32
38
35
35
35
35
34
34
38
32
33
36
35
34
34
34
37
36
36
37
36
36
32
35
33
37
35
35
37
31
33
35
31
33
34
37
32
40
40
37
36
35
31
36
32
32
36
33
35
37
36
34
32
36
38
32
33
36
34
38
36
36
40
34
35
33
34
34
31
32
36
36
35
35
34
34
34
40
39
31
33
34
39
36
35
35
33
37
34
34
38
38
36
34
33
32
35
35
37
35
36
34
35
36
34
36
35
32
32
35
36
34
36
31
34
33
36
36
36
