36
39
29
37
38
36
37
37
38
33
33
35
34
35
35
34
30
34
35
41
34
34
30
35
40
33
35
34
38
37
36
33
36
31
36
36
40
32
32
35
33
32
38
34
32
35
34
31
37
27
33
34
38
38
37
32
33
38
35
33
38
38
37
42
29
40
33
35
40
32
38
36
34
36
33
33
36
35
39
37
32
35
34
34
40
34
30
34
37
37
37
40
36
32
39
30
34
35
35
40
37
30
32
35
34
35
34
34
36
31
36
34
40
35
36
40
35
35
34
38
40
37
36
32
33
29
38
33
32
36
31
36
32
34
27
36
36
34
29
37
28
35
36
34
31
38
35
32
36
36
32
41
31
38
33
35
39
36
38
33
36
40
39
38
38
33
32
37
34
36
32
38
36
36
41
33
33
37
37
37
37
36
36
36
32
36
35
35
32
38
33
35
35
33
37
35
32
36
38
36
30
33
38
32
38
33
31
35
32
31
36
33
32
34
29
35
34
39
35
38
37
41
33
32
34
32
41
33
33
35
36
32
38
36
33
36
30
37
36
39
33
36
37
36
38
31
38
40
36
35
31
34
40
29
32
32
31
34
40
35
34
29
35
31
36
36
37
36
31
32
30
41
36
37
29
31
34
38
27
29
36
35
36
32
35
41
36
33
31
35
31
36
36
35
34
33
37
42
32
34
40
35
32
33
36
31
37
35
37
36
39
33
32
35
32
40
34
40
35
32
39
33
30
36
34
38
36
34
34
33
31
33
43
38
35
40
38
36
42
38
35
35
34
35
37
39
37
38
31
35
41
36
37
31
28
36
30
42
37
38
37
41
32
41
36
35
32
32
37
34
33
33
37
30
31
35
30
37
33
42
31
32
34
28
40
38
33
33
33
32
33
32
33
36
41
34
32
34
36
30
31
32
37
42
35
35
37
39
34
35
33
34
33
31
35
32
39
35
30
35
40
33
38
37
38
39
39
36
33
39
33
34
36
30
35
35
35
36
40
37
33
33
34
31
38
32
32
36
38
33
42
40
36
39
30
38
32
32
34
36
33
31
39
31
39
33
44
34
33
34
32
40
38
40
37
35
36
35
34
34
39
37
36
32
30
33
40
36
38
38
32
37
39
34
40
31
31
39
34
37
35
38
38
39
33
33
35
34
31
31
40
39
38
34
37
35
39
35
40
38
38
34
36
33
38
36
40
38
34
32
32
34
33
36
33
37
35
36
37
32
33
34
35
35
36
29
34
34
34
34
34
36
36
31
32
34
33
35
34
36
38
38
31
28
35
35
39
33
29
37
39
36
38
32
36
36
40
35
34
35
35
36
43
30
40
32
41
33
36
32
39
41
38
34
32
36
36
40
33
34
