31
31
30
27
31
31
29
29
34
30
29
28
34
29
32
32
31
28
29
33
30
27
27
28
30
26
26
27
30
34
33
30
28
37
29
30
28
32
28
28
32
31
31
31
29
31
28
28
30
30
30
26
28
31
30
29
30
30
30
32
29
29
29
29
26
26
29
34
32
29
30
26
30
28
38
28
28
30
30
28
31
31
31
33
31
29
30
27
29
36
30
33
31
30
33
29
30
28
35
28
27
31
30
30
28
30
30
30
29
28
30
29
31
31
29
33
29
33
28
31
30
32
34
28
29
28
31
31
32
29
30
31
32
34
31
33
28
31
30
28
29
29
31
31
28
30
30
29
33
32
29
34
31
29
31
32
30
30
31
30
33
33
28
34
27
29
27
28
30
30
27
27
29
32
30
31
30
29
34
34
32
33
29
34
31
29
31
32
33
28
32
29
29
29
27
30
29
30
33
32
31
32
32
29
31
28
28
29
27
29
30
32
32
27
30
29
30
27
31
32
27
30
29
32
29
32
28
32
29
28
30
32
29
31
30
27
31
35
32
31
32
30
27
29
30
30
29
30
27
29
30
31
29
28
29
27
32
30
27
31
26
29
27
29
30
33
30
29
32
26
27
29
28
34
33
29
30
29
31
29
28
29
31
32
31
31
29
26
29
31
28
26
32
31
31
33
31
27
34
29
33
30
29
32
30
30
34
34
30
34
29
31
31
29
30
33
31
33
31
29
30
31
32
33
33
28
32
30
28
30
33
27
33
31
30
32
31
31
33
30
30
28
32
31
28
31
28
32
29
30
32
31
32
29
31
34
29
33
31
25
28
34
32
31
29
30
29
31
30
33
30
33
27
28
30
36
34
31
31
31
32
31
30
29
31
30
28
31
27
31
33
29
30
28
30
31
28
31
28
29
35
31
29
31
30
30
28
33
30
30
32
29
30
29
29
28
34
34
29
31
29
28
30
33
32
30
32
35
29
31
34
31
29
30
27
30
29
27
32
27
30
31
30
30
31
30
32
27
30
31
33
32
34
33
30
33
30
30
32
29
28
31
27
30
31
27
29
31
30
30
30
28
31
31
29
33
30
32
32
32
34
29
32
29
29
28
28
29
30
31
31
29
29
30
32
28
30
32
33
26
29
30
29
26
33
29
30
30
28
30
31
31
29
30
28
27
30
28
30
32
31
29
30
29
30
29
29
33
28
30
29
34
28
28
30
31
29
28
32
29
30
30
28
29
27
30
29
30
29
32
29
33
30
31
31
28
32
32
32
29
28
33
30
30
35
29
33
27
32
27
29
28
27
32
31
30
29
32
29
31
32
30
30
30
30
30
33
30
29
29
36
30
31
30
29
28
30
33
30
31
