42
38
40
35
40
38
42
37
40
40
40
39
39
37
38
40
39
38
42
41
43
37
37
42
39
43
37
38
38
43
36
39
41
43
38
38
36
40
42
38
39
38
41
37
39
36
39
44
39
38
39
40
40
41
38
41
35
41
41
39
42
40
40
39
38
39
41
35
37
39
37
40
40
39
38
39
42
39
37
36
40
41
41
39
43
40
41
38
40
40
36
39
40
38
37
38
39
40
41
39
43
42
40
40
40
36
40
39
38
36
41
41
42
44
36
40
42
42
40
36
35
40
40
40
35
39
44
40
43
40
37
40
39
38
39
41
39
39
42
41
37
41
39
36
43
40
44
41
45
40
42
42
40
36
42
37
39
35
37
35
37
40
40
42
36
39
42
39
40
43
37
42
38
34
42
40
39
39
41
39
41
37
41
43
37
38
35
36
34
37
39
42
42
39
45
42
41
39
43
38
37
41
42
37
38
38
43
41
36
40
36
39
40
39
41
41
39
37
45
39
39
42
42
44
41
38
44
40
38
39
39
41
40
43
40
37
38
44
38
43
39
38
42
41
42
37
40
39
44
37
39
39
38
42
36
41
40
37
43
42
41
38
41
37
41
37
39
39
40
39
40
38
39
39
41
43
41
38
41
36
40
36
35
43
40
39
39
36
42
42
40
39
43
41
41
44
39
40
38
39
46
38
37
43
39
39
44
40
39
39
41
42
42
40
37
40
39
38
39
35
42
42
38
39
36
36
40
38
38
41
38
40
39
36
44
37
41
38
38
43
43
38
36
36
38
40
36
37
41
42
37
41
39
42
41
39
38
43
39
39
42
40
38
35
36
41
40
42
44
37
39
38
41
43
39
37
34
40
38
45
40
37
43
39
37
39
40
44
36
36
36
38
38
38
38
41
43
41
40
43
37
38
38
39
44
43
38
40
41
39
40
41
42
39
41
43
40
36
37
39
39
40
39
40
36
37
40
41
42
36
39
39
37
37
41
37
41
42
39
40
40
35
39
41
38
41
36
40
42
37
36
38
44
37
45
37
39
37
35
41
38
39
37
41
42
41
42
38
38
40
39
39
37
40
41
41
42
38
38
37
39
37
41
43
42
39
41
39
37
42
40
36
41
40
41
36
40
38
39
39
44
37
38
41
37
42
44
44
40
42
37
41
35
44
47
36
40
39
40
42
42
42
38
43
40
44
39
44
39
36
39
40
42
41
40
42
35
41
37
42
41
38
38
38
37
41
36
38
38
38
40
41
37
41
40
38
42
41
39
38
40
43
38
41
39
45
38
38
40
43
38
41
43
40
37
38
46
41
37
39
38
37
39
41
42
35
37
41
37
37
37
38
41
41
42
41
39
40
38
43
