53
49
53
50
46
58
68
51
61
50
52
48
62
57
47
43
61
62
44
60
63
60
62
47
52
47
57
55
54
49
68
53
51
52
62
51
57
50
43
50
64
65
55
51
54
49
62
61
57
58
56
56
54
47
56
51
55
60
52
44
50
51
60
53
52
64
60
52
44
60
62
49
51
66
63
51
50
61
50
53
58
50
55
47
51
58
56
58
56
50
51
48
44
53
57
55
53
59
49
53
54
60
58
49
47
48
58
45
58
57
48
56
56
42
51
57
53
62
48
51
49
53
41
58
52
60
50
55
53
51
55
56
56
44
57
39
47
55
53
57
52
54
50
58
61
55
56
55
48
58
60
51
56
52
53
54
47
47
54
48
60
60
57
47
60
45
49
52
45
56
55
45
42
46
50
56
49
52
58
59
61
52
44
55
47
48
47
57
54
56
58
45
43
55
47
52
52
50
49
48
53
62
52
42
58
55
51
61
48
55
53
59
47
62
55
52
42
55
48
48
62
57
75
54
52
62
54
56
57
46
62
52
43
52
58
57
49
42
62
57
49
49
52
51
53
54
51
52
62
48
54
56
49
59
51
63
62
53
50
55
56
54
53
53
51
55
46
45
50
54
61
51
45
53
56
55
45
59
50
51
48
57
61
58
57
52
51
59
57
59
44
52
44
55
55
53
46
44
46
48
48
49
54
53
50
45
67
52
48
59
49
52
63
61
45
49
55
56
56
68
46
50
47
57
61
54
48
51
52
56
52
51
58
49
52
57
53
58
60
49
51
71
56
45
47
50
55
48
46
45
52
58
59
57
70
60
48
54
63
65
66
45
53
48
56
44
50
49
60
51
62
47
51
63
71
52
45
45
61
69
52
53
57
49
61
61
61
57
59
60
65
48
57
58
55
51
49
47
46
53
60
59
48
47
60
57
56
50
52
50
51
53
52
53
54
61
48
57
53
46
52
61
49
54
65
54
54
55
50
55
42
48
56
53
59
51
51
46
64
55
45
46
57
58
58
44
52
53
69
53
46
62
50
56
61
56
41
61
53
51
63
51
50
50
59
56
69
55
55
62
48
52
55
52
52
63
52
49
59
60
54
66
44
47
55
63
47
58
57
43
49
58
52
49
60
59
67
58
53
55
48
56
50
47
44
44
55
52
55
57
55
60
56
56
57
52
47
48
66
62
53
54
51
61
63
59
47
55
46
53
53
51
58
60
66
48
47
48
43
55
47
42
56
52
52
47
51
49
53
50
49
57
50
43
53
53
46
53
56
54
45
57
55
54
48
51
61
46
49
46
46
53
57
50
56
52
64
59
53
51
60
53
48
51
52
39
47
49
52
57
57
59
56
47
57
49
53
45
60
57
55
47
49
63
56
60
52
50
55
44
61
55
55
67
48
70
50
58
50
51
48
56
52
56
47
53
52
49
62
50
52
52
42
46
62
51
69
59
55
67
54
55
52
49
57
52
53
54
55
53
41
43
55
50
49
59
52
51
49
54
52
55
65
49
52
51
59
52
53
50
61
53
56
59
59
52
51
62
49
57
60
60
53
52
52
54
51
56
58
66
54
62
59
48
62
48
44
49
61
52
49
56
67
45
49
59
56
52
57
48
55
65
60
60
50
51
56
49
51
54
62
54
55
52
52
52
57
62
56
43
56
62
61
55
56
64
53
45
57
49
55
54
54
51
57
52
63
51
45
49
66
57
57
57
52
59
50
55
71
53
56
60
50
44
48
54
51
55
51
51
52
74
48
51
42
59
53
55
56
58
56
49
57
58
61
47
41
52
58
50
46
51
57
58
53
59
54
49
54
48
53
55
53
53
61
44
56
59
54
45
51
51
57
51
67
65
51
50
58
51
45
50
59
49
63
51
53
45
53
54
54
50
51
54
57
50
51
57
43
64
50
59
49
47
50
71
57
50
59
54
54
47
53
63
54
50
49
53
52
62
39
46
57
53
52
53
65
46
55
60
47
43
43
49
45
53
54
48
48
59
50
62
47
61
56
49
53
51
51
58
64
53
62
47
58
52
59
50
58
55
60
53
55
46
58
57
53
49
54
45
62
54
56
55
52
53
47
64
46
59
51
50
51
54
49
57
52
54
53
50
44
52
59
52
58
54
47
56
55
57
53
57
50
42
56
54
39
68
62
59
44
56
50
48
71
54
52
59
58
56
57
66
62
54
59
49
57
46
53
54
50
54
58
53
48
53
49
56
49
59
58
61
56
53
58
50
54
56
45
54
43
46
48
41
49
48
45
49
60
51
55
54
49
62
47
55
54
60
52
45
46
59
55
46
56
52
40
68
59
51
63
45
49
56
51
70
48
55
61
57
57
53
52
50
61
44
61
57
60
58
66
55
53
60
50
45
49
47
65
56
56
50
52
51
59
47
61
47
52
53
51
67
52
53
54
54
45
49
59
46
54
58
61
61
51
47
58
55
52
65
48
53
57
52
49
42
57
46
52
55
52
50
50
51
44
46
53
50
59
43
61
58
58
57
61
53
53
45
51
56
44
53
48
51
64
60
50
58
47
56
63
49
47
64
46
45
52
58
54
46
51
54
53
53
58
56
59
62
51
48
43
54
42
46
55
53
50
51
59
60
46
60
62
53
58
54
50
53
58
54
49
56
57
47
51
64
45
56
49
53
58
53
48
56
52
63
58
57
60
48
45
61
45
44
48
54
52
63
56
46
46
46
49
60
48
54
50
50
55
50
64
54
59
52
59
61
67
56
56
42
58
55
53
51
48
55
44
55
57
50
44
54
49
45
54
51
53
48
56
59
46
43
51
47
55
63
54
50
56
62
48
58
52
59
50
53
50
58
51
55
54
51
54
48
48
51
54
51
49
55
50
60
47
54
42
49
52
52
52
54
47
52
62
60
47
60
56
52
59
59
48
67
52
56
61
51
50
50
46
57
53
49
61
63
55
48
53
54
62
52
48
51
54
61
48
50
52
49
44
54
45
55
59
61
49
59
43
46
65
48
48
56
53
55
72
62
48
47
59
51
64
50
53
50
66
47
47
57
59
49
50
56
55
52
56
48
66
49
49
53
61
52
51
47
49
50
54
47
67
50
56
52
52
59
60
50
53
52
46
57
55
54
59
44
47
55
54
45
54
60
59
53
51
65
57
48
60
56
49
47
57
51
58
48
54
47
48
53
59
52
47
61
54
52
48
50
58
44
56
49
52
57
52
56
48
54
54
58
55
52
45
57
53
55
44
55
60
42
50
56
71
53
51
51
48
48
54
60
55
49
48
48
65
49
59
53
48
58
55
