49
43
50
41
41
45
46
45
43
42
46
41
44
47
40
44
43
45
42
50
44
46
49
51
48
47
42
42
43
50
45
39
50
48
41
54
43
41
48
41
53
39
49
44
39
51
39
43
51
40
43
42
45
46
49
49
52
47
47
52
41
46
46
41
44
40
47
51
42
46
49
52
39
44
60
49
45
41
43
50
37
40
40
40
45
44
40
43
52
53
57
43
49
48
55
45
42
43
46
46
43
45
45
46
46
49
38
39
47
42
35
44
47
48
47
45
56
41
37
44
47
45
45
58
43
40
48
40
44
41
53
44
45
45
45
44
48
51
46
41
45
43
52
41
45
38
56
52
48
39
40
50
44
43
48
44
58
50
42
43
56
42
48
49
45
43
43
41
43
52
42
52
46
48
46
43
44
46
53
48
39
42
46
45
52
43
53
48
39
46
47
43
44
47
41
49
45
46
38
45
48
45
41
45
53
47
48
48
43
42
41
49
45
58
47
48
40
43
45
41
42
44
53
43
46
47
44
41
43
41
47
49
40
43
44
43
46
42
41
42
48
47
52
48
42
39
38
46
43
40
46
49
51
50
51
37
47
46
50
45
48
48
50
44
45
48
48
43
41
43
42
44
40
46
47
43
45
44
54
47
42
42
42
45
44
46
55
56
47
45
45
51
46
42
44
49
47
42
50
52
46
49
50
53
41
49
51
44
48
44
49
49
42
46
43
43
44
45
50
50
48
40
40
51
52
47
42
41
40
48
47
42
49
42
50
45
47
48
46
41
42
42
48
57
47
42
44
47
45
46
46
48
49
44
47
50
49
50
46
45
43
42
43
42
42
41
47
44
42
41
48
48
42
45
40
47
44
46
51
48
50
45
43
44
44
45
46
49
46
35
42
39
40
48
46
48
44
48
43
52
35
50
54
43
48
44
45
48
49
44
45
48
40
39
52
56
47
44
47
38
49
42
49
50
41
50
45
47
45
46
38
43
49
40
46
53
42
40
45
43
44
42
53
51
51
48
43
47
46
44
46
47
47
42
49
47
53
48
48
58
45
43
49
43
43
44
43
44
53
52
50
43
40
47
48
39
50
40
51
42
45
51
39
49
49
47
40
48
46
41
38
46
46
43
45
51
44
45
49
47
50
42
47
41
52
46
50
51
44
40
46
39
53
52
45
42
49
40
39
52
50
50
39
45
49
50
51
51
39
47
47
42
52
45
43
51
51
46
43
41
47
54
48
49
53
43
44
43
44
44
46
47
57
45
47
45
47
48
48
44
51
43
51
43
49
47
40
45
46
46
50
52
47
52
55
48
53
45
39
46
55
45
52
45
39
43
46
44
44
44
45
37
47
55
43
41
46
43
45
47
45
47
50
48
42
44
48
39
48
47
46
40
48
54
42
43
48
48
45
39
51
44
49
47
52
41
44
37
42
45
48
52
49
49
48
52
45
42
41
47
49
54
49
41
39
41
54
45
48
42
41
47
46
42
44
46
43
45
48
46
46
42
47
43
54
46
47
44
39
49
49
45
46
45
39
44
46
49
42
44
40
46
42
48
48
42
40
49
44
47
45
38
45
40
42
45
52
45
51
46
52
50
51
45
44
44
41
44
47
52
45
41
46
48
43
44
51
45
51
54
45
52
41
44
44
44
42
46
45
39
44
44
41
39
48
45
47
41
44
43
52
46
42
36
42
50
49
42
47
36
51
46
53
48
49
42
44
52
42
49
49
37
41
48
39
46
40
45
41
50
45
39
47
51
46
42
47
40
52
43
47
40
48
43
41
40
40
38
51
45
42
46
43
39
42
42
51
48
44
42
45
46
48
43
44
52
41
41
45
48
45
45
52
53
42
43
49
41
39
40
47
56
44
51
49
53
44
44
51
47
47
44
45
46
50
47
46
41
52
48
46
38
47
37
45
51
49
45
46
44
38
40
45
50
45
50
45
45
48
46
50
50
39
50
54
42
48
45
46
53
42
38
46
42
40
48
42
44
50
54
39
45
51
47
52
46
42
45
45
46
46
43
48
50
49
53
46
47
45
43
46
42
46
47
46
42
39
40
42
46
43
50
46
44
46
47
46
51
54
44
39
38
45
42
48
47
40
50
49
37
52
40
57
45
46
48
52
41
54
48
48
47
41
46
52
40
44
40
52
41
37
42
50
48
47
45
59
49
44
43
42
45
46
47
41
41
47
50
42
51
44
47
50
42
48
54
49
45
48
53
42
41
49
44
45
51
55
43
56
41
46
45
40
44
49
44
44
50
47
41
53
45
40
54
45
48
47
50
43
45
40
43
42
49
49
46
41
42
51
55
39
42
45
37
52
48
43
43
43
44
51
44
42
47
39
47
49
47
40
47
43
44
46
49
47
42
48
41
44
42
50
41
39
44
47
47
43
48
46
45
43
42
43
55
48
52
50
43
48
47
43
37
42
46
46
45
44
43
34
50
43
49
47
41
46
44
51
44
40
51
45
49
46
38
51
48
59
41
48
42
47
42
43
41
43
35
39
49
43
48
42
45
54
44
36
49
48
51
44
45
45
52
44
51
52
44
50
47
46
51
49
39
44
50
43
43
48
41
51
52
50
46
51
45
42
41
51
42
45
42
44
59
45
46
49
42
54
46
43
47
50
48
48
42
51
54
48
43
44
50
45
49
40
42
40
53
39
46
41
43
40
44
49
45
44
45
43
44
44
47
44
49
41
49
50
45
42
42
57
47
42
55
49
49
40
41
47
51
47
44
39
45
48
45
41
45
47
43
48
41
40
47
43
46
43
48
42
46
40
42
37
49
38
50
51
58
40
39
43
43
45
48
41
48
46
44
50
39
55
46
41
52
44
43
39
40
42
45
43
46
37
47
44
38
39
57
47
37
42
47
38
46
49
52
45
42
47
43
42
39
42
43
38
41
50
45
46
51
43
46
36
40
48
49
45
48
46
45
43
51
43
54
41
48
45
47
47
45
44
52
41
44
45
41
54
48
44
51
46
52
44
42
47
47
52
47
41
52
47
43
47
47
50
49
44
44
45
43
42
50
49
46
45
44
48
46
44
41
41
43
48
42
45
45
56
39
40
40
44
50
47
43
40
44
47
47
37
43
45
46
50
49
47
50
44
45
43
43
47
50
52
50
46
48
43
44
42
42
49
47
45
48
49
48
47
41
45
44
44
45
53
49
40
51
41
42
54
48
54
44
43
44
53
52
49
42
45
41
46
44
37
49
54
42
43
48
40
53
48
45
41
43
50
44
43
47
43
49
43
35
45
51
42
49
42
34
48
47
62
