36
58
43
43
40
52
46
53
52
37
53
43
51
40
42
46
48
46
37
60
40
40
48
50
50
52
40
49
50
37
39
44
46
40
41
46
43
50
42
44
49
65
41
46
45
48
50
59
43
55
50
52
44
51
49
43
46
48
58
52
52
39
47
52
49
49
48
45
46
43
36
40
44
46
41
45
53
43
61
40
51
44
46
47
45
46
60
45
41
53
50
40
41
42
52
44
45
40
51
46
45
46
53
45
59
54
44
45
60
46
39
37
51
45
52
47
46
44
40
44
41
46
40
55
44
39
46
39
45
58
51
40
42
49
47
42
46
42
47
55
46
40
48
57
51
49
45
49
38
41
48
48
52
49
41
46
50
47
47
53
40
52
41
45
38
51
52
45
52
44
41
36
48
40
50
43
41
38
46
47
49
53
41
42
43
56
38
51
47
47
42
42
43
44
47
51
47
49
44
55
52
48
42
55
40
40
44
41
54
40
44
45
44
48
53
34
41
47
36
49
38
55
46
47
44
52
39
44
49
38
50
43
47
59
50
43
57
52
46
48
45
57
38
48
45
48
45
40
41
48
50
65
54
48
56
42
50
36
38
57
40
41
42
52
49
44
46
52
53
41
43
37
46
45
54
52
46
43
49
44
50
48
50
50
49
44
40
45
48
53
41
57
47
41
46
50
48
39
45
45
43
53
37
47
50
50
52
43
52
40
48
49
50
44
52
52
51
41
44
47
42
52
43
41
45
54
36
54
41
53
51
41
47
48
36
55
41
49
47
48
36
44
48
47
47
45
56
42
48
35
39
42
41
44
46
44
47
39
46
50
43
40
54
38
40
53
49
45
46
41
38
41
36
50
51
43
42
49
42
61
47
59
41
49
43
44
36
46
39
57
43
40
47
43
44
42
49
49
50
48
45
50
47
42
46
44
49
44
38
46
41
44
51
47
44
62
44
43
51
52
40
45
43
43
48
40
49
47
44
48
51
46
49
49
41
60
49
56
48
40
54
46
51
42
39
48
47
41
48
53
39
59
56
47
48
43
39
40
43
44
53
38
44
47
42
48
44
49
53
48
44
39
51
55
45
48
43
47
46
40
50
49
49
49
48
48
40
47
54
40
37
47
46
44
37
50
62
50
49
43
52
36
55
47
52
47
50
42
42
55
44
48
63
54
47
49
40
60
40
48
55
53
44
53
42
49
41
55
47
49
40
42
50
51
43
42
44
43
52
51
50
48
48
49
39
47
50
52
36
38
42
42
42
47
51
46
45
50
46
48
40
57
48
39
52
49
43
40
44
48
49
50
52
48
43
43
39
50
47
43
46
46
46
46
46
44
45
55
41
40
57
44
44
59
50
51
47
45
47
41
39
39
53
39
40
49
52
41
43
48
49
47
42
40
44
48
49
45
51
40
53
41
42
45
41
46
41
45
39
51
44
47
54
44
43
41
45
46
54
40
56
56
59
48
39
51
47
50
53
58
40
60
44
61
41
52
41
47
46
58
45
49
50
38
44
52
52
48
58
43
49
45
47
40
53
38
50
44
42
50
44
50
48
47
51
45
40
39
43
46
58
39
47
54
51
43
53
45
53
50
45
48
56
41
52
48
41
46
62
56
47
53
44
55
58
42
41
50
47
49
51
39
41
50
49
49
47
44
55
45
38
49
40
45
42
42
47
50
38
45
45
51
41
46
47
47
46
44
46
48
52
44
48
46
54
45
45
42
41
56
44
54
50
41
46
44
40
51
40
43
48
44
49
41
45
58
38
46
40
48
49
40
49
48
42
45
41
51
46
48
47
47
47
49
42
46
52
50
49
52
42
54
37
42
46
48
44
44
47
44
45
47
56
48
42
49
47
44
55
58
48
53
52
43
44
48
49
53
45
41
56
49
47
37
52
44
42
45
50
49
47
51
48
51
48
55
45
46
58
42
45
55
59
43
44
46
47
51
44
48
47
46
43
45
47
57
46
45
40
43
52
42
46
47
39
38
52
50
51
42
47
43
49
52
58
44
41
51
39
43
37
48
47
53
46
56
43
41
44
53
48
55
42
46
51
44
41
40
58
46
46
52
51
47
39
50
48
48
53
44
39
50
40
46
59
49
40
50
38
39
45
35
39
52
49
43
45
50
52
48
52
50
41
51
41
46
45
41
48
40
49
49
48
55
44
54
56
42
44
50
49
34
45
45
47
43
65
53
46
44
46
46
44
57
56
44
47
41
42
51
51
45
46
40
53
53
55
36
49
47
44
47
50
47
40
43
55
47
39
45
54
46
56
50
36
47
40
55
45
45
47
50
43
45
41
48
39
51
56
41
45
46
44
43
51
54
57
59
41
47
44
49
44
52
52
50
49
49
45
45
40
35
43
42
50
47
40
40
52
50
43
57
50
56
56
42
43
52
44
40
39
43
36
46
38
44
40
36
51
55
59
47
49
50
43
43
42
42
46
57
39
43
44
40
48
51
46
48
42
50
50
47
49
51
57
45
46
44
38
35
56
59
48
46
47
36
41
45
42
46
46
39
46
43
46
45
55
51
49
42
40
53
48
44
56
41
37
40
46
41
54
39
49
42
40
50
42
58
41
48
44
52
42
42
51
44
48
49
52
58
53
43
45
48
52
49
45
53
43
51
51
44
40
41
47
46
45
38
45
40
58
39
45
43
46
41
51
45
56
40
44
41
46
43
51
44
51
53
42
52
47
48
42
55
57
39
40
50
38
50
41
43
57
49
40
52
54
44
44
63
50
55
42
50
47
58
51
45
52
52
45
46
35
56
62
49
48
46
38
54
58
52
45
53
47
39
57
43
48
52
48
41
47
43
40
51
58
45
47
46
44
38
41
43
36
51
43
37
49
45
42
52
54
35
49
43
38
41
45
42
44
37
64
60
46
49
36
48
53
55
49
45
46
48
47
54
47
46
49
46
44
51
44
57
61
40
44
43
45
43
43
49
48
56
50
44
43
40
60
45
40
44
52
50
43
47
42
44
45
51
41
55
41
43
39
46
40
49
47
47
44
39
45
45
43
46
41
50
48
46
56
46
42
45
46
53
53
47
51
48
49
44
45
43
50
43
47
43
40
44
43
41
48
48
41
53
45
41
44
50
56
51
54
42
48
48
54
47
47
43
51
48
47
48
47
47
51
58
46
50
40
47
48
42
39
44
44
48
38
50
43
38
50
46
43
49
50
56
33
50
42
44
41
44
39
48
46
43
51
53
48
49
50
44
48
38
36
48
47
42
49
42
42
49
44
41
52
58
55
51
51
52
54
46
35
61
44
45
45
47
41
46
