50
50
45
49
50
46
43
49
56
45
60
60
48
45
52
51
53
55
41
53
47
49
57
49
55
56
53
50
50
48
45
47
45
48
44
46
49
54
47
48
54
58
51
50
49
49
47
59
48
47
48
45
47
43
51
57
43
45
54
48
50
54
52
42
50
49
44
54
53
46
44
50
48
46
48
47
55
43
48
49
46
53
52
54
46
41
43
49
53
47
62
42
49
47
54
43
50
48
46
50
48
48
43
48
46
53
48
56
45
47
56
49
52
44
42
53
54
42
58
54
44
49
49
46
50
50
41
56
51
57
47
53
46
46
44
54
47
55
53
51
51
74
47
49
52
60
53
68
43
43
49
56
43
60
52
49
54
45
55
40
48
45
53
49
46
48
45
51
44
45
47
54
47
46
49
45
57
47
50
46
51
44
44
49
55
46
45
55
53
56
56
56
44
49
46
53
45
53
45
54
45
50
51
49
46
45
51
53
46
45
48
47
54
46
49
52
48
48
49
52
43
45
48
53
45
55
52
53
46
55
48
40
42
45
40
38
49
53
49
53
48
57
53
64
57
42
50
44
48
42
49
54
44
51
48
46
52
49
55
52
56
47
40
44
42
41
49
51
58
47
50
50
62
45
48
42
46
42
48
53
41
49
50
45
60
47
48
53
51
54
52
60
45
39
42
61
44
50
50
43
63
57
50
56
55
59
44
57
42
48
48
47
52
52
47
54
59
49
43
52
50
50
47
49
49
43
41
47
42
46
62
54
54
40
48
46
49
64
51
45
51
48
48
51
59
54
50
50
43
43
55
62
50
46
57
43
51
50
52
45
53
48
61
47
56
37
49
58
51
50
51
51
47
44
44
49
46
48
45
48
53
46
48
57
53
58
47
51
51
54
52
46
42
50
42
55
44
49
54
47
49
52
40
46
46
55
43
45
46
53
51
46
48
50
44
46
53
53
52
48
49
50
38
49
46
44
50
54
47
41
49
46
46
47
44
52
44
52
46
45
54
50
58
64
45
50
48
46
48
46
50
46
47
52
45
54
49
48
56
51
51
48
49
51
53
42
42
47
48
52
46
41
39
50
54
61
62
49
52
41
48
51
51
42
50
39
57
53
42
48
46
41
50
58
48
50
45
51
48
46
46
42
47
40
48
38
43
47
53
50
50
51
45
51
44
60
48
53
55
53
56
40
49
42
44
60
50
51
48
48
50
54
41
44
43
48
48
50
52
43
47
55
50
45
45
49
53
56
55
42
58
48
44
52
46
46
47
47
51
43
44
43
45
45
42
45
47
52
43
45
45
49
45
44
49
51
51
55
56
39
42
46
66
42
55
50
46
48
58
55
49
46
48
44
52
54
50
46
48
51
52
41
60
43
45
44
48
56
52
55
55
47
50
52
52
48
41
44
51
41
55
54
50
51
40
49
52
57
46
53
47
71
47
56
52
45
50
47
44
48
51
54
57
42
58
49
44
46
38
51
56
42
46
56
43
50
44
37
51
45
57
54
56
44
54
48
49
44
53
46
40
52
40
42
57
48
52
44
62
45
53
43
53
52
52
49
54
52
57
48
50
55
49
47
50
51
58
50
52
45
59
57
60
56
46
47
47
51
48
57
70
52
51
53
52
47
44
51
47
51
42
49
51
48
49
53
49
46
49
45
47
53
53
46
45
42
59
44
60
55
50
54
40
53
46
52
44
44
50
50
48
45
40
55
49
45
50
44
52
43
46
44
49
46
45
49
56
49
46
48
50
41
45
50
49
48
42
43
56
46
44
53
45
44
48
49
48
50
58
49
57
48
44
48
45
50
54
57
51
54
66
47
45
58
46
51
42
49
51
48
53
42
45
50
46
48
51
46
46
65
47
45
51
51
45
54
48
55
53
41
49
55
44
40
54
58
55
47
51
45
45
56
52
52
48
55
46
46
47
44
47
45
50
48
51
55
42
51
47
56
44
48
44
50
48
42
51
50
55
52
42
44
64
51
51
53
51
51
45
55
49
59
43
41
47
49
64
44
54
61
52
48
55
43
42
54
46
45
53
45
52
59
58
56
42
48
42
48
52
41
49
58
47
51
54
49
47
51
62
44
44
48
40
48
49
41
52
45
44
48
55
51
46
45
49
48
49
50
53
56
50
48
46
36
56
46
47
44
53
44
53
49
49
50
43
54
49
48
50
62
48
50
42
47
55
53
52
52
43
50
41
55
45
56
57
54
55
44
47
50
41
45
51
51
50
57
50
49
47
54
46
50
47
44
46
47
47
61
50
45
44
44
42
42
44
45
52
43
44
50
47
47
54
46
47
65
59
45
48
41
55
50
42
54
49
40
49
54
44
47
41
56
44
52
45
56
55
55
48
54
49
47
49
51
47
44
45
46
45
50
49
51
49
53
53
39
45
52
50
53
52
48
53
52
42
45
52
60
43
48
40
53
47
49
45
59
48
57
48
57
49
49
51
46
51
49
48
44
46
56
51
61
51
48
48
46
54
42
47
49
58
49
46
50
44
46
43
45
51
45
48
43
53
58
55
45
49
47
51
64
45
51
46
46
53
47
57
57
53
55
50
51
54
43
48
48
49
57
42
53
45
47
49
47
53
62
51
47
63
57
45
38
47
54
52
49
61
47
48
50
57
53
45
49
54
43
54
50
56
45
44
45
50
47
39
47
40
47
40
46
50
44
46
45
46
48
56
52
53
51
57
39
46
45
46
65
54
54
47
47
51
49
49
45
50
57
51
56
60
50
47
47
60
53
49
49
56
45
54
51
48
55
48
48
47
48
50
53
44
55
59
46
49
37
43
42
48
46
49
57
55
57
51
52
53
49
46
55
43
57
48
45
51
49
48
59
53
48
50
45
45
52
48
53
48
50
51
49
45
51
45
49
45
55
42
54
39
51
57
43
50
55
49
51
47
45
52
50
59
54
55
60
40
48
54
49
60
52
51
45
44
45
58
45
49
52
49
37
49
46
55
42
53
48
51
47
56
47
52
48
49
44
43
47
43
49
47
46
46
50
46
49
47
44
50
50
46
57
42
49
60
47
45
53
48
53
52
49
51
37
54
55
46
41
55
49
54
52
53
49
47
46
54
48
56
43
46
48
42
46
42
49
41
48
50
49
48
44
55
52
53
45
48
46
46
53
57
42
53
56
52
39
53
44
50
50
45
52
47
52
56
42
37
40
47
47
50
57
49
57
56
48
50
47
43
52
52
50
58
61
41
45
49
44
47
50
53
47
49
55
50
45
43
53
53
40
50
40
54
48
47
45
45
49
56
47
41
59
51
