47
38
44
41
46
45
54
46
34
42
50
39
36
45
41
48
42
51
47
40
44
38
50
47
45
39
40
40
43
42
43
36
49
48
44
46
43
48
45
48
51
41
44
48
35
41
42
38
40
59
36
38
39
44
39
49
37
44
47
35
42
43
44
39
50
38
46
43
37
46
44
43
48
41
42
38
45
37
48
47
40
41
42
50
36
38
36
41
41
34
48
38
37
50
41
47
42
42
47
46
43
39
44
38
45
42
45
38
46
43
43
36
48
42
51
44
39
45
48
55
39
49
43
38
41
39
51
43
49
48
50
39
47
39
43
37
45
41
38
46
43
37
41
44
44
53
40
51
41
34
41
40
44
47
45
48
40
50
43
37
42
49
42
48
44
43
40
40
48
51
40
47
37
38
44
42
46
40
47
44
41
38
47
43
37
38
42
35
52
47
38
42
37
42
51
38
40
41
45
44
48
42
47
38
43
48
41
49
46
42
47
42
43
46
45
43
41
47
43
38
44
50
43
49
43
42
50
42
47
48
35
51
49
49
42
43
38
45
41
45
37
33
47
46
45
43
39
44
38
37
43
43
39
46
42
38
39
34
47
35
43
34
45
43
44
40
42
44
42
37
40
40
39
36
48
39
43
36
39
44
43
48
46
44
47
39
47
37
42
46
42
37
43
51
43
50
31
33
38
40
43
43
42
44
37
48
40
42
54
57
40
44
45
42
46
53
42
40
39
41
42
41
40
40
46
39
44
39
51
43
36
48
40
54
44
59
40
45
44
37
49
39
46
38
53
45
50
39
43
56
46
44
49
35
47
42
36
51
43
37
41
40
48
42
42
46
46
38
40
39
47
42
50
43
50
45
42
36
44
36
36
45
45
42
41
41
39
49
34
45
40
46
37
37
49
46
51
48
46
39
41
41
41
52
43
43
42
46
38
50
34
45
43
42
41
34
42
47
43
52
42
45
39
35
40
45
42
54
44
45
42
45
41
36
48
41
45
46
41
48
41
43
47
43
40
50
40
43
35
43
37
47
56
48
51
43
47
51
47
44
42
44
44
41
47
41
46
46
45
47
45
45
46
45
41
46
52
42
38
41
39
41
40
43
40
45
37
42
44
42
44
40
45
43
44
41
40
50
51
39
38
50
48
40
35
46
37
38
47
60
39
37
51
51
49
49
39
51
47
31
51
46
39
51
41
47
32
49
37
42
45
39
41
34
38
47
43
37
40
42
34
46
49
51
40
43
40
56
43
44
53
44
37
40
54
39
40
42
41
46
40
37
36
43
37
41
48
50
38
46
44
45
39
53
42
50
41
46
45
42
36
46
45
42
40
44
47
45
40
46
36
35
43
50
40
46
40
41
41
42
38
47
47
46
47
41
39
43
49
40
42
49
40
39
47
45
40
44
48
44
41
44
50
47
38
50
45
39
51
41
44
42
46
37
45
45
37
44
38
42
42
42
41
38
39
46
50
44
44
49
43
41
53
43
48
43
44
55
53
49
44
46
42
49
47
41
43
45
42
43
42
37
38
45
43
43
35
48
36
54
46
47
54
48
41
46
41
43
40
46
45
49
48
53
45
39
46
48
37
39
41
43
38
50
37
43
46
44
35
41
41
39
45
53
36
38
38
42
42
43
40
39
37
40
38
48
45
41
44
53
45
55
41
48
32
41
34
43
40
38
37
38
37
41
46
40
37
35
45
45
40
39
47
36
44
47
41
48
43
38
43
39
45
48
35
51
42
50
37
35
40
43
39
37
45
52
34
47
44
36
42
43
41
44
42
50
43
45
42
42
40
39
39
46
37
50
37
49
41
40
44
48
40
44
40
40
42
52
43
39
44
43
50
43
40
40
43
38
46
47
49
40
45
34
51
42
42
45
48
45
41
45
43
47
46
38
38
37
54
47
44
42
43
45
45
39
48
38
46
51
41
44
42
43
38
55
40
48
50
48
41
44
38
31
47
41
43
47
42
40
42
51
41
51
42
40
42
44
42
41
36
38
49
50
46
40
41
40
38
45
39
53
50
40
44
49
39
39
37
44
41
41
44
41
48
40
40
42
44
37
43
41
46
42
43
38
41
41
44
38
38
39
49
37
38
44
40
40
38
44
43
39
47
45
40
39
45
41
40
45
44
43
40
41
38
39
49
49
43
45
42
38
43
44
39
46
39
48
40
34
42
38
43
47
45
38
42
39
39
38
41
40
47
42
45
44
45
42
43
50
54
44
34
40
44
44
46
47
43
56
43
49
43
43
38
49
39
40
41
41
45
39
44
37
38
49
47
49
44
44
45
50
35
54
47
42
44
36
41
42
38
39
51
36
52
41
42
48
45
41
50
41
43
48
44
41
49
40
47
51
43
35
42
38
34
43
57
49
41
48
46
41
49
39
42
43
44
50
50
40
39
38
39
45
43
43
42
54
40
43
45
47
44
42
39
51
39
40
41
44
38
42
46
40
45
48
38
40
40
45
46
38
38
36
43
50
38
47
49
49
48
43
44
41
39
39
45
42
38
40
47
47
54
55
44
47
43
48
42
48
46
45
44
45
34
41
37
46
51
35
42
43
41
46
52
54
44
42
40
43
38
44
45
42
40
40
36
45
41
45
43
54
40
49
39
40
42
40
41
40
45
50
45
37
46
40
48
35
44
43
40
35
51
39
48
49
45
40
42
45
38
42
47
39
38
33
38
42
39
43
49
37
40
55
39
42
36
47
47
39
45
43
48
45
38
47
41
42
42
43
40
46
37
45
42
41
49
36
38
44
49
44
41
55
57
42
39
42
45
44
44
37
42
46
51
45
39
44
42
40
38
41
43
36
55
42
40
51
37
46
46
43
41
42
42
43
45
47
51
43
39
41
44
44
44
42
45
44
42
43
40
36
41
42
48
44
41
46
41
36
43
43
44
41
35
44
48
41
45
51
48
44
44
39
43
50
35
40
38
38
44
46
42
44
58
45
55
52
44
50
35
43
44
48
41
42
39
37
48
46
35
47
39
41
53
43
33
41
49
48
45
39
45
44
42
38
48
35
45
45
55
36
45
48
43
41
52
45
38
44
52
50
43
50
41
47
50
47
38
40
39
43
42
34
41
47
41
44
41
70
43
42
37
39
38
38
37
45
41
43
49
50
49
42
39
35
47
37
31
38
49
47
47
40
45
43
39
52
39
47
45
39
38
45
41
47
35
54
42
48
38
46
40
40
41
41
40
38
44
43
40
45
55
43
41
45
41
44
49
43
44
37
41
41
47
41
37
32
38
49
42
54
49
40
40
51
41
37
40
38
43
55
